4.9420192731265944E-01 a         1     0     1     1     1
-3.2540166569492812E-01 a         2     0     1     1     2
9.2141524751216300E-02 a         3     0     1     1     3
-3.1381557768273233E-01 a         4     0     1     1     4
6.9737743824401954E-01 a         5     0     1     1     5
7.2445304227230256E-01 a         6     0     1     1     6
-3.1863000389949003E-01 a         7     0     1     1     7
1.4300138003659799E-01 a         8     0     1     1     8
1.0683823228854028E-01 a         9     0     1     1     9
-3.2056187916024453E-01 a        10     0     1     1    10
-7.5987812237206492E-02 a        11     0     1     1    11
2.8967558746094679E-01 a        12     0     1     1    12
3.8758101704672177E-01 a        13     0     1     1    13
-1.5351978017779772E-01 a        14     0     1     1    14
-1.2885148604993121E-02 a        15     0     1     1    15
-5.7424532796971441E-02 a        16     0     1     1    16
-2.1697908645343883E-01 a        17     0     2     1     1
2.4071321829169454E-01 a        18     0     2     1     2
-2.8128280406594597E-01 a        19     0     2     1     3
1.7672268483303993E-01 a        20     0     2     1     4
2.3293502229918911E-01 a        21     0     2     1     5
1.3819103091073595E-01 a        22     0     2     1     6
-3.7080811035627759E-01 a        23     0     2     1     7
1.4796243785657538E-02 a        24     0     2     1     8
-3.2682111928884761E-02 a        25     0     2     1     9
-6.4098018688644259E-02 a        26     0     2     1    10
1.4895591815277118E-01 a        27     0     2     1    11
-2.1758498529558953E-01 a        28     0     2     1    12
2.5829976085144718E-01 a        29     0     2     1    13
1.4616915553501686E-01 a        30     0     2     1    14
2.2267162103652954E-01 a        31     0     2     1    15
-1.4478286409908189E-01 a        32     0     2     1    16
-1.2974986715068484E-02 a        33     0     3     1     1
-1.8969601393173241E-01 a        34     0     3     1     2
9.4555760151425229E-03 a        35     0     3     1     3
-3.3046597043562442E-01 a        36     0     3     1     4
-3.2544344055466423E-01 a        37     0     3     1     5
-2.5544212239758157E-01 a        38     0     3     1     6
-2.2601409479910493E-02 a        39     0     3     1     7
1.3053979700254773E-01 a        40     0     3     1     8
-1.0898005079657187E-01 a        41     0     3     1     9
2.6172605432809298E-01 a        42     0     3     1    10
-1.2143739576415599E-01 a        43     0     3     1    11
1.0391898771453834E-01 a        44     0     3     1    12
1.5104709792528956E-01 a        45     0     3     1    13
2.5924680156731428E-01 a        46     0     3     1    14
1.7268587863543253E-01 a        47     0     3     1    15
7.9953985392717961E-02 a        48     0     3     1    16
-2.2993845012897443E-01 a        49     0     4     1     1
-2.7816115522462403E-01 a        50     0     4     1     2
1.5520827080030886E-01 a        51     0     4     1     3
1.7877343413230388E-02 a        52     0     4     1     4
-5.1157104402582955E-02 a        53     0     4     1     5
-5.5596518889739106E-02 a        54     0     4     1     6
-1.6056245250730788E-01 a        55     0     4     1     7
3.5743020909681450E-01 a        56     0     4     1     8
1.5071406562306039E-01 a        57     0     4     1     9
-8.3569897973059123E-02 a        58     0     4     1    10
2.7580133335653914E-02 a        59     0     4     1    11
2.1850372058608294E-01 a        60     0     4     1    12
-2.6524565183523402E-01 a        61     0     4     1    13
7.6384894335092074E-02 a        62     0     4     1    14
3.6661544721684153E-01 a        63     0     4     1    15
-1.3633930250730913E-01 a        64     0     4     1    16
-2.9831956241894098E-01 a        65     0     5     1     1
1.6304229454183847E-01 a        66     0     5     1     2
8.2677982430783697E-02 a        67     0     5     1     3
2.8513881318565754E-01 a        68     0     5     1     4
-4.4548548372039021E-01 a        69     0     5     1     5
-7.6886140585592289E-02 a        70     0     5     1     6
9.2156712682097547E-02 a        71     0     5     1     7
3.9456660993023251E-02 a        72     0     5     1     8
1.0274419838800246E-01 a        73     0     5     1     9
-2.7947562749028665E-01 a        74     0     5     1    10
-1.2280777850187234E-01 a        75     0     5     1    11
-1.5011880303805492E-01 a        76     0     5     1    12
-2.0675114034517550E-01 a        77     0     5     1    13
-3.3047251727193205E-01 a        78     0     5     1    14
5.9952364996260088E-01 a        79     0     5     1    15
-1.5610168283732828E-01 a        80     0     5     1    16
4.7073742443377509E-01 a        81     0     6     1     1
-2.5335185696589307E-01 a        82     0     6     1     2
-1.3400677725484483E-01 a        83     0     6     1     3
-6.0585820324500006E-01 a        84     0     6     1     4
4.9659234994312307E-01 a        85     0     6     1     5
7.4336920150504948E-01 a        86     0     6     1     6
-7.0507130002869248E-02 a        87     0     6     1     7
6.1523895593228572E-01 a        88     0     6     1     8
8.5997601649306132E-01 a        89     0     6     1     9
-2.4007457407248053E-01 a        90     0     6     1    10
2.8401534640088549E-01 a        91     0     6     1    11
-1.0266028606308261E-01 a        92     0     6     1    12
4.2274467801075577E-01 a        93     0     6     1    13
1.1831979908536341E-01 a        94     0     6     1    14
9.6462122698006164E-02 a        95     0     6     1    15
-5.6218995062257478E-02 a        96     0     6     1    16
5.4906622945382777E-01 a        97     0     7     1     1
1.8699671251581726E-01 a        98     0     7     1     2
-3.7214478004143126E-02 a        99     0     7     1     3
-1.2321096709501368E-01 a       100     0     7     1     4
1.1173010938969803E-01 a       101     0     7     1     5
-7.1242350921553912E-02 a       102     0     7     1     6
-9.1412910631937808E-02 a       103     0     7     1     7
-1.3109311594912948E-01 a       104     0     7     1     8
3.1716767067521495E-01 a       105     0     7     1     9
-1.3801964424367325E-01 a       106     0     7     1    10
3.1635238544851652E-01 a       107     0     7     1    11
-5.4845201341678647E-02 a       108     0     7     1    12
1.6130819933827642E-01 a       109     0     7     1    13
8.3513467329973945E-02 a       110     0     7     1    14
-2.9435537692716174E-01 a       111     0     7     1    15
6.1474751947754140E-04 a       112     0     7     1    16
-2.5232071363366460E-01 a       113     0     8     1     1
1.6291903781931952E-01 a       114     0     8     1     2
-6.2778870731614678E-01 a       115     0     8     1     3
-1.4912818244823053E-01 a       116     0     8     1     4
-2.5573058484208222E-01 a       117     0     8     1     5
-4.4454311018835385E-01 a       118     0     8     1     6
5.5296251296147535E-02 a       119     0     8     1     7
-3.5233955499494668E-01 a       120     0     8     1     8
-2.4373602951767448E-01 a       121     0     8     1     9
4.0779048696085583E-02 a       122     0     8     1    10
-1.8965145820605619E-01 a       123     0     8     1    11
1.6895093133659297E-01 a       124     0     8     1    12
1.2255997035992806E-01 a       125     0     8     1    13
-1.9745975394967008E-01 a       126     0     8     1    14
-1.9841733367756516E-02 a       127     0     8     1    15
2.8577981034540480E-02 a       128     0     8     1    16
-4.0126493536929808E-01 a       129     0     9     1     1
1.8310455789715852E-01 a       130     0     9     1     2
-2.3149980261754272E-01 a       131     0     9     1     3
-8.8522890501924148E-02 a       132     0     9     1     4
-2.8028209079956290E-01 a       133     0     9     1     5
-5.9766851281582400E-01 a       134     0     9     1     6
-1.1204317104475439E-01 a       135     0     9     1     7
-3.0686710568396919E-01 a       136     0     9     1     8
-6.3471831819059166E-01 a       137     0     9     1     9
-1.9629448613170111E-01 a       138     0     9     1    10
-1.6135382209692842E-01 a       139     0     9     1    11
3.3498617733877489E-01 a       140     0     9     1    12
-2.5557654735406188E-01 a       141     0     9     1    13
-4.0439997762954683E-01 a       142     0     9     1    14
1.7948118449903694E-01 a       143     0     9     1    15
-3.1879550427126252E-01 a       144     0     9     1    16
-2.4690011547237781E-01 a       145     0    10     1     1
5.5122924188055970E-02 a       146     0    10     1     2
-1.4304381840668617E-01 a       147     0    10     1     3
8.8327411627063965E-02 a       148     0    10     1     4
-1.0924589487318954E+00 a       149     0    10     1     5
-3.3022279215965883E-01 a       150     0    10     1     6
-1.9826328873899537E-01 a       151     0    10     1     7
-5.2383581935979551E-01 a       152     0    10     1     8
-1.9459393234263181E-01 a       153     0    10     1     9
-2.2830478996738007E-01 a       154     0    10     1    10
-1.8021450391407307E-01 a       155     0    10     1    11
-1.7136434080189385E-02 a       156     0    10     1    12
-2.6405972161161900E-01 a       157     0    10     1    13
3.5579223043269714E-02 a       158     0    10     1    14
-1.7828611638447336E-01 a       159     0    10     1    15
2.0670655470427834E-01 a       160     0    10     1    16
8.9208759459409603E-01 a       161     0    11     1     1
1.8080244426338379E-01 a       162     0    11     1     2
9.3631763761326126E-01 a       163     0    11     1     3
-2.5069773212831183E+00 a       164     0    11     1     4
1.7515749183769023E+00 a       165     0    11     1     5
3.5564234920014646E+00 a       166     0    11     1     6
-7.1641838213756814E-01 a       167     0    11     1     7
3.5982639377162856E-01 a       168     0    11     1     8
1.8231762051812639E+00 a       169     0    11     1     9
-3.5580570896318153E-01 a       170     0    11     1    10
1.0718930158921963E-01 a       171     0    11     1    11
2.8362547492195495E-01 a       172     0    11     1    12
6.6892113729340830E-01 a       173     0    11     1    13
4.6707779730481341E-01 a       174     0    11     1    14
7.3665877356100029E-01 a       175     0    11     1    15
-2.6752859755598404E-02 a       176     0    11     1    16
7.8030592952350741E-01 a       177     0    12     1     1
3.4649466987009409E-01 a       178     0    12     1     2
-1.6018502561219003E-01 a       179     0    12     1     3
-2.4831742195921838E-01 a       180     0    12     1     4
-1.8173545824672490E+00 a       181     0    12     1     5
-2.1540639597532718E+00 a       182     0    12     1     6
-1.4751431508418503E-01 a       183     0    12     1     7
-4.1371439693321327E-01 a       184     0    12     1     8
-2.0982446864612605E+00 a       185     0    12     1     9
2.7114864881347511E-01 a       186     0    12     1    10
5.3293638128074328E-01 a       187     0    12     1    11
3.7989729194730121E-01 a       188     0    12     1    12
-1.0023243178858721E+00 a       189     0    12     1    13
-5.2795283841066076E-01 a       190     0    12     1    14
4.9530374221868850E-01 a       191     0    12     1    15
3.2124771749045428E-01 a       192     0    12     1    16
3.3619767177911958E-01 a       193     0    13     1     1
-6.7049313155372089E-02 a       194     0    13     1     2
-1.1062300974815105E+00 a       195     0    13     1     3
1.0184400728286152E+00 a       196     0    13     1     4
-9.4797211041406160E-01 a       197     0    13     1     5
-1.5210838258032531E+00 a       198     0    13     1     6
3.7047286120604889E-01 a       199     0    13     1     7
-4.4886844196172526E-01 a       200     0    13     1     8
-1.1696980535750068E+00 a       201     0    13     1     9
2.9373971183775682E-01 a       202     0    13     1    10
3.6926563833133880E-01 a       203     0    13     1    11
5.7884832020142961E-02 a       204     0    13     1    12
-4.9334612749123835E-01 a       205     0    13     1    13
1.6661254309976638E-02 a       206     0    13     1    14
-2.8384389068224569E-01 a       207     0    13     1    15
6.0544914228716429E-01 a       208     0    13     1    16
-2.7694074624372284E-01 a       209     0    14     1     1
-2.6437788275361485E-01 a       210     0    14     1     2
-2.4375484158116503E-01 a       211     0    14     1     3
8.8668814129255957E-01 a       212     0    14     1     4
1.5282938753473478E+00 a       213     0    14     1     5
7.6370019706330194E-01 a       214     0    14     1     6
2.6249289111439894E-01 a       215     0    14     1     7
1.9110216321482576E-01 a       216     0    14     1     8
1.2066313168776979E+00 a       217     0    14     1     9
-1.5768030714473941E-01 a       218     0    14     1    10
1.9021740096198256E-01 a       219     0    14     1    11
-3.5912959405646622E-01 a       220     0    14     1    12
5.9811918668950304E-01 a       221     0    14     1    13
3.7066917663236010E-01 a       222     0    14     1    14
-9.1087744833238049E-01 a       223     0    14     1    15
1.2434167802619286E-01 a       224     0    14     1    16
3.0056092606172351E-02 a       225     0    15     1     1
-7.3859028683521677E-01 a       226     0    15     1     2
1.1403580500799562E+00 a       227     0    15     1     3
-5.3068191334961445E-01 a       228     0    15     1     4
5.6173036392594344E-01 a       229     0    15     1     5
5.3760303719095226E-01 a       230     0    15     1     6
-2.7208436197280478E-01 a       231     0    15     1     7
3.1153872923117137E-01 a       232     0    15     1     8
4.2072691281176977E-01 a       233     0    15     1     9
1.7497153199720403E-01 a       234     0    15     1    10
1.6107489077639159E-01 a       235     0    15     1    11
1.4732070929698868E-01 a       236     0    15     1    12
4.3210360209793214E-01 a       237     0    15     1    13
-5.8484286919757697E-02 a       238     0    15     1    14
-1.4411172888373611E-01 a       239     0    15     1    15
-1.2536698172441216E-01 a       240     0    15     1    16
2.7817334762845308E-01 a       241     0    16     1     1
-4.2321157585346930E-01 a       242     0    16     1     2
1.6441242464892556E+00 a       243     0    16     1     3
7.7097373582624273E-01 a       244     0    16     1     4
1.6461198661013012E+00 a       245     0    16     1     5
-5.4251372147275934E-01 a       246     0    16     1     6
9.2584010768356562E-01 a       247     0    16     1     7
1.8307626521773954E+00 a       248     0    16     1     8
9.5165687997535919E-01 a       249     0    16     1     9
1.8052784836007987E-01 a       250     0    16     1    10
8.6754796630343955E-01 a       251     0    16     1    11
-3.5375251684668263E-01 a       252     0    16     1    12
3.7809949812294547E-01 a       253     0    16     1    13
-2.7871470111555913E-01 a       254     0    16     1    14
1.3779378733523562E-01 a       255     0    16     1    15
-1.7958723180385130E-01 a       256     0    16     1    16
7.4206066171344690E-02 a       257     0    17     1     1
1.0580841036535624E-01 a       258     0    17     1     2
4.4575988715795262E-01 a       259     0    17     1     3
6.2706101009287363E-01 a       260     0    17     1     4
1.2683813261944821E+00 a       261     0    17     1     5
4.6948084071221446E-02 a       262     0    17     1     6
3.4001689434318244E-01 a       263     0    17     1     7
5.5990684567003268E-01 a       264     0    17     1     8
1.4058437690287873E+00 a       265     0    17     1     9
5.1638633209669005E-01 a       266     0    17     1    10
4.7743289959028115E-02 a       267     0    17     1    11
1.2407596362788187E-02 a       268     0    17     1    12
6.4646916274230737E-01 a       269     0    17     1    13
5.9192665970134517E-01 a       270     0    17     1    14
-4.0973010391626860E-02 a       271     0    17     1    15
1.5713481598532852E-01 a       272     0    17     1    16
-1.2568552777056219E+00 a       273     0    18     1     1
1.8591668741544325E+00 a       274     0    18     1     2
-2.0352898690291990E+00 a       275     0    18     1     3
-1.1464099184837784E+00 a       276     0    18     1     4
-3.4433778483726241E+00 a       277     0    18     1     5
-3.3548404351609051E-01 a       278     0    18     1     6
-6.7273240473666512E-03 a       279     0    18     1     7
-9.3012578020796832E-01 a       280     0    18     1     8
-2.1650177298638882E+00 a       281     0    18     1     9
-2.0144568618957015E+00 a       282     0    18     1    10
-1.3586359241447670E+00 a       283     0    18     1    11
3.2244526179271782E-01 a       284     0    18     1    12
1.1743572224795974E-01 a       285     0    18     1    13
-1.1389853742509559E+00 a       286     0    18     1    14
-1.0117162799497614E+00 a       287     0    18     1    15
1.9393599362004779E-01 a       288     0    18     1    16
-1.4736881399981763E-01 a       289     0    19     1     1
9.6689614333982121E-01 a       290     0    19     1     2
-1.5881143679112801E+00 a       291     0    19     1     3
7.3652430568587690E-01 a       292     0    19     1     4
-1.5556844023151105E-02 a       293     0    19     1     5
7.9627374671317919E-01 a       294     0    19     1     6
3.2335127688193926E-01 a       295     0    19     1     7
-4.2636519486701047E-01 a       296     0    19     1     8
4.2152643809221446E-01 a       297     0    19     1     9
3.7256870791365485E-02 a       298     0    19     1    10
-5.2445106698636546E-01 a       299     0    19     1    11
-1.7083915514676160E-01 a       300     0    19     1    12
1.3335079410160566E-01 a       301     0    19     1    13
2.2270414598559121E-01 a       302     0    19     1    14
-3.0186708289900221E-01 a       303     0    19     1    15
2.2317184265834866E-01 a       304     0    19     1    16
8.1129295467522855E-01 a       305     0    20     1     1
-4.5805482558617189E-01 a       306     0    20     1     2
8.0368594424837325E-01 a       307     0    20     1     3
2.9627092019723072E-01 a       308     0    20     1     4
6.0913559477724455E-01 a       309     0    20     1     5
5.2877479911649961E-01 a       310     0    20     1     6
4.4849519969634301E-02 a       311     0    20     1     7
1.0584066521529354E+00 a       312     0    20     1     8
-4.8102373664122711E-01 a       313     0    20     1     9
8.9643351065843269E-01 a       314     0    20     1    10
1.3543416502468260E+00 a       315     0    20     1    11
4.1595850692651432E-01 a       316     0    20     1    12
-1.4279708172803034E-02 a       317     0    20     1    13
1.3187058220751041E-01 a       318     0    20     1    14
1.2179401384165727E+00 a       319     0    20     1    15
-5.2888826900359343E-01 a       320     0    20     1    16
3.9797242255053000E-01 a       321     0    21     1     1
9.0579513764666264E-01 a       322     0    21     1     2
5.8368150860768342E-01 a       323     0    21     1     3
-8.2342043078211957E-01 a       324     0    21     1     4
-1.3134399355127619E+00 a       325     0    21     1     5
-4.8493931274931718E-01 a       326     0    21     1     6
5.1165457481521404E-01 a       327     0    21     1     7
-1.5955954784646226E-01 a       328     0    21     1     8
-1.0672107566579150E+00 a       329     0    21     1     9
1.5133043278070202E-01 a       330     0    21     1    10
-5.3664538418653718E-01 a       331     0    21     1    11
2.7327687883169322E-01 a       332     0    21     1    12
-1.7976556529491808E-01 a       333     0    21     1    13
-5.1055109937969423E-01 a       334     0    21     1    14
1.8629679428493204E-01 a       335     0    21     1    15
-4.3989588820385596E-02 a       336     0    21     1    16
5.0696546465878407E-02 a       337     0    22     1     1
-3.7645053621582458E-01 a       338     0    22     1     2
-1.4056176088208854E+00 a       339     0    22     1     3
-1.2905233422102660E+00 a       340     0    22     1     4
-7.0826282984960898E-01 a       341     0    22     1     5
3.5737464381445333E-01 a       342     0    22     1     6
1.7517694691167551E-01 a       343     0    22     1     7
4.8034600214981661E-02 a       344     0    22     1     8
9.0705270758974976E-01 a       345     0    22     1     9
7.6152032821965909E-01 a       346     0    22     1    10
3.1649688281479689E-02 a       347     0    22     1    11
-5.1259552130896324E-01 a       348     0    22     1    12
2.3415270375208960E-01 a       349     0    22     1    13
-1.6754536452997995E-01 a       350     0    22     1    14
-3.9484765019863755E-01 a       351     0    22     1    15
4.2083627111283162E-01 a       352     0    22     1    16
-3.2397779811292926E-01 a       353     0    23     1     1
4.4618416739706866E-02 a       354     0    23     1     2
6.2009749327549302E-01 a       355     0    23     1     3
6.4190807701511565E-01 a       356     0    23     1     4
7.4904001216933325E-01 a       357     0    23     1     5
1.0346492324609735E+00 a       358     0    23     1     6
1.4577999962189939E-01 a       359     0    23     1     7
3.7211005584648899E-01 a       360     0    23     1     8
-6.2418062690228859E-01 a       361     0    23     1     9
3.8046523929835330E-01 a       362     0    23     1    10
1.6430969333570877E-01 a       363     0    23     1    11
-8.0141763872203314E-02 a       364     0    23     1    12
9.0498945833135419E-02 a       365     0    23     1    13
-4.5308825259220470E-01 a       366     0    23     1    14
8.4383869580448967E-01 a       367     0    23     1    15
-1.7707671887976098E-01 a       368     0    23     1    16
-4.8683457159631505E-01 a       369     0    24     1     1
-6.0639249664257044E-01 a       370     0    24     1     2
-1.2450333907012638E-01 a       371     0    24     1     3
1.6656413380864148E+00 a       372     0    24     1     4
1.4719741386027441E-01 a       373     0    24     1     5
-2.8680575813712794E-01 a       374     0    24     1     6
2.7204352486646249E-01 a       375     0    24     1     7
-1.0086962476278882E+00 a       376     0    24     1     8
-1.7912742920119995E-01 a       377     0    24     1     9
3.0469810235070321E-01 a       378     0    24     1    10
-1.5400476960869383E-01 a       379     0    24     1    11
-5.7125720450134376E-01 a       380     0    24     1    12
-7.3961166394545752E-02 a       381     0    24     1    13
3.2653500714449391E-02 a       382     0    24     1    14
7.3177516765742204E-02 a       383     0    24     1    15
-4.2640104234124077E-01 a       384     0    24     1    16
-1.0265546388829452E+00 a       385     0    25     1     1
5.8702891344008790E-01 a       386     0    25     1     2
-2.1919721113604629E+00 a       387     0    25     1     3
1.0146484181216129E+00 a       388     0    25     1     4
-1.1966893496411490E+00 a       389     0    25     1     5
-4.3480105906629329E-01 a       390     0    25     1     6
-2.3899142702499304E-01 a       391     0    25     1     7
-1.3615283058694183E+00 a       392     0    25     1     8
-2.7271653833465082E-01 a       393     0    25     1     9
-6.3194020906513371E-01 a       394     0    25     1    10
-8.4151782720139068E-01 a       395     0    25     1    11
-8.1627404363323483E-02 a       396     0    25     1    12
-2.1478141777342374E-01 a       397     0    25     1    13
5.2827632595955176E-01 a       398     0    25     1    14
-4.1757357787348598E-01 a       399     0    25     1    15
3.3602365006963908E-01 a       400     0    25     1    16
9.7858120770360235E-01 a       401     0    26     1     1
-1.4755325334927354E+00 a       402     0    26     1     2
3.3139530671138542E+00 a       403     0    26     1     3
5.6449114112253129E-01 a       404     0    26     1     4
1.7526171181832502E+00 a       405     0    26     1     5
-6.3177921554998673E-01 a       406     0    26     1     6
1.1295992129833010E+00 a       407     0    26     1     7
1.1488436334565988E+00 a       408     0    26     1     8
-1.4431064482722344E-01 a       409     0    26     1     9
1.8605361683575987E+00 a       410     0    26     1    10
7.2065338864675699E-01 a       411     0    26     1    11
1.5314433512920594E-01 a       412     0    26     1    12
-3.2078606293589440E-01 a       413     0    26     1    13
-1.7497512232803430E-01 a       414     0    26     1    14
2.0673947665197751E-01 a       415     0    26     1    15
-2.4717948610378537E-01 a       416     0    26     1    16
-7.6138649865754660E-01 a       417     0    27     1     1
2.9641700392619219E-01 a       418     0    27     1     2
-1.8219762486002136E+00 a       419     0    27     1     3
3.5715876535309699E-01 a       420     0    27     1     4
-1.3927135795907146E+00 a       421     0    27     1     5
-5.8758406934342655E-01 a       422     0    27     1     6
-5.0284850001344938E-01 a       423     0    27     1     7
-1.0697377281145020E+00 a       424     0    27     1     8
-2.8468416900984994E-01 a       425     0    27     1     9
-6.0892922440693975E-01 a       426     0    27     1    10
-7.2350484644099744E-01 a       427     0    27     1    11
-1.5431733962555474E-01 a       428     0    27     1    12
-3.5916384992356726E-01 a       429     0    27     1    13
1.6167581733407790E-01 a       430     0    27     1    14
-2.2171488970074207E-01 a       431     0    27     1    15
-9.4987809425692668E-02 a       432     0    27     1    16
-9.0788361402300766E-01 a       433     0    28     1     1
4.9529924737434500E-01 a       434     0    28     1     2
-1.9938967498983231E+00 a       435     0    28     1     3
-1.9931793294485980E-01 a       436     0    28     1     4
-4.9929630996775429E-02 a       437     0    28     1     5
2.0279588350510118E+00 a       438     0    28     1     6
-1.1581910434778331E+00 a       439     0    28     1     7
-1.5619541157662484E+00 a       440     0    28     1     8
7.7785751176223783E-01 a       441     0    28     1     9
-5.0880507209260784E-01 a       442     0    28     1    10
-1.0905938926801653E+00 a       443     0    28     1    11
-6.9458224273300806E-01 a       444     0    28     1    12
8.2700074745887919E-02 a       445     0    28     1    13
6.9247429815550365E-01 a       446     0    28     1    14
-7.6579657172191862E-01 a       447     0    28     1    15
1.5929643083218936E-01 a       448     0    28     1    16
1.6464895776921473E+00 a       449     0    29     1     1
-1.2380401340232912E+00 a       450     0    29     1     2
3.2036055886715458E+00 a       451     0    29     1     3
-3.4029544465229694E-01 a       452     0    29     1     4
2.0870565518685118E+00 a       453     0    29     1     5
-5.8975625696726475E-01 a       454     0    29     1     6
8.9324594032103222E-01 a       455     0    29     1     7
1.7120557303147910E+00 a       456     0    29     1     8
6.4005430202336677E-01 a       457     0    29     1     9
6.5739860869790945E-01 a       458     0    29     1    10
8.5493810041797247E-01 a       459     0    29     1    11
-1.7123716320579757E-01 a       460     0    29     1    12
-3.0289357716365434E-01 a       461     0    29     1    13
-8.2366615325351333E-02 a       462     0    29     1    14
3.8173656278669643E-01 a       463     0    29     1    15
1.8607415393938337E-01 a       464     0    29     1    16
3.9159262702554354E-01 a       465     0    30     1     1
-2.3610331240271902E-03 a       466     0    30     1     2
1.2643167697653770E+00 a       467     0    30     1     3
-8.8599121389593516E-01 a       468     0    30     1     4
6.3076014536841019E-01 a       469     0    30     1     5
-5.5676576991153393E-01 a       470     0    30     1     6
2.0300724188704675E-01 a       471     0    30     1     7
-1.0599164773649958E-01 a       472     0    30     1     8
-1.0515118955928870E+00 a       473     0    30     1     9
-4.7985911796915798E-01 a       474     0    30     1    10
8.0083857274334402E-01 a       475     0    30     1    11
6.1472004743963893E-01 a       476     0    30     1    12
2.2049622827896211E-02 a       477     0    30     1    13
9.5412437685892013E-02 a       478     0    30     1    14
-6.9742889782508855E-01 a       479     0    30     1    15
-5.7510846056769882E-01 a       480     0    30     1    16
-1.9292381072975703E-01 a       481     0    31     1     1
-3.5542697621805369E-01 a       482     0    31     1     2
-5.9776729814361296E-01 a       483     0    31     1     3
-1.2743185426810701E+00 a       484     0    31     1     4
-5.2616084345684011E-01 a       485     0    31     1     5
-9.2316360298466071E-02 a       486     0    31     1     6
-5.4624494568813498E-01 a       487     0    31     1     7
-2.7566949397213336E-01 a       488     0    31     1     8
1.8575934181574813E-02 a       489     0    31     1     9
-9.5616440030310168E-02 a       490     0    31     1    10
-2.9267671819529611E-01 a       491     0    31     1    11
-2.9353562907339970E-01 a       492     0    31     1    12
-1.0267963436976220E+00 a       493     0    31     1    13
4.6487859367425843E-01 a       494     0    31     1    14
-7.7432017750701720E-01 a       495     0    31     1    15
2.5774131662285680E-02 a       496     0    31     1    16
-3.7829595955957118E-01 a       497     0    32     1     1
2.6669763674631568E-02 a       498     0    32     1     2
-5.0000179940864142E-02 a       499     0    32     1     3
-7.5411453047377774E-01 a       500     0    32     1     4
-8.2992801005247263E-01 a       501     0    32     1     5
-6.9273421339022911E-01 a       502     0    32     1     6
-3.9901187644322422E-01 a       503     0    32     1     7
-3.5727990205182159E-01 a       504     0    32     1     8
-8.4085881807586682E-01 a       505     0    32     1     9
-3.2956337771369659E-01 a       506     0    32     1    10
4.4165751193958480E-01 a       507     0    32     1    11
2.6879546213212918E-01 a       508     0    32     1    12
-5.3280397365527865E-01 a       509     0    32     1    13
-4.7779243850587083E-01 a       510     0    32     1    14
-1.6082854831844706E-01 a       511     0    32     1    15
-2.3131408797508374E-01 a       512     0    32     1    16
9.0557059087720007E-02 a       513     0    33     1     1
-1.0207277526521368E+00 a       514     0    33     1     2
1.7934295829305995E+00 a       515     0    33     1     3
-1.3222434183855363E+00 a       516     0    33     1     4
-6.2565412118356134E-01 a       517     0    33     1     5
-1.8642312842397024E+00 a       518     0    33     1     6
-4.6825306420521912E-01 a       519     0    33     1     7
8.3497676549143662E-01 a       520     0    33     1     8
-8.6624032088442571E-01 a       521     0    33     1     9
-1.1327489252695526E-01 a       522     0    33     1    10
1.3009604604404423E+00 a       523     0    33     1    11
7.9376347647987719E-02 a       524     0    33     1    12
-8.6432536741599220E-01 a       525     0    33     1    13
-3.6007690160869327E-01 a       526     0    33     1    14
2.2770791990582059E-01 a       527     0    33     1    15
4.4864949967919182E-01 a       528     0    33     1    16
1.7704604648567204E-01 a       529     0    34     1     1
7.3957537771096038E-01 a       530     0    34     1     2
-2.1177170228943938E+00 a       531     0    34     1     3
9.6932292477803028E-01 a       532     0    34     1     4
1.0579296785129846E+00 a       533     0    34     1     5
3.6780555001869755E+00 a       534     0    34     1     6
-1.6963929118736565E-01 a       535     0    34     1     7
-4.6844537355828514E-01 a       536     0    34     1     8
1.4583425264899867E+00 a       537     0    34     1     9
-4.2938859288873710E-01 a       538     0    34     1    10
-1.2775608346167688E+00 a       539     0    34     1    11
9.2981886450150437E-03 a       540     0    34     1    12
7.9429031529267080E-01 a       541     0    34     1    13
1.2689369397566994E+00 a       542     0    34     1    14
-2.7878618983224340E-01 a       543     0    34     1    15
-9.2871947150119394E-01 a       544     0    34     1    16
-1.2765837177863879E-02 a       545     0    35     1     1
-8.4203692639651606E-01 a       546     0    35     1     2
2.2550493966568603E+00 a       547     0    35     1     3
-7.5942026180374889E-01 a       548     0    35     1     4
2.5512420512214679E-01 a       549     0    35     1     5
-1.9004612582922196E+00 a       550     0    35     1     6
-4.0103372232105333E-01 a       551     0    35     1     7
1.0404022021589645E+00 a       552     0    35     1     8
-4.6130528164240231E-01 a       553     0    35     1     9
2.8060296168741905E-01 a       554     0    35     1    10
9.8615684243231683E-01 a       555     0    35     1    11
-9.2219379711139762E-02 a       556     0    35     1    12
-4.2763317202211432E-01 a       557     0    35     1    13
-4.2004728286904153E-01 a       558     0    35     1    14
3.8422546910030231E-01 a       559     0    35     1    15
1.5293999214244713E-01 a       560     0    35     1    16
1.9042628161876521E-01 a       561     0    36     1     1
-5.4774016761502176E-01 a       562     0    36     1     2
1.0610048406937838E+00 a       563     0    36     1     3
-1.4386715932759393E+00 a       564     0    36     1     4
-7.4016712533530682E-01 a       565     0    36     1     5
-1.9734684847309087E+00 a       566     0    36     1     6
3.2361566735356695E-01 a       567     0    36     1     7
3.8264906539071042E-01 a       568     0    36     1     8
-3.9925510241521339E-01 a       569     0    36     1     9
-9.1577771477648354E-02 a       570     0    36     1    10
5.6874890866018768E-01 a       571     0    36     1    11
7.2771040505476503E-02 a       572     0    36     1    12
-4.0384814418372816E-01 a       573     0    36     1    13
-2.8757830621517383E-01 a       574     0    36     1    14
3.9013046629413595E-01 a       575     0    36     1    15
9.2600796836413501E-01 a       576     0    36     1    16
-4.9533632747913781E-01 a       577     0    37     1     1
6.3240176548996774E-01 a       578     0    37     1     2
-2.7715737826339040E+00 a       579     0    37     1     3
9.7422946948546463E-01 a       580     0    37     1     4
2.9116651257953502E-01 a       581     0    37     1     5
3.7428077553581800E+00 a       582     0    37     1     6
-7.4139012909660651E-01 a       583     0    37     1     7
-1.0862961697791615E+00 a       584     0    37     1     8
1.0683026325169189E+00 a       585     0    37     1     9
-1.6292307759008479E-01 a       586     0    37     1    10
-1.9212216468652961E+00 a       587     0    37     1    11
6.3569125355975933E-02 a       588     0    37     1    12
1.3345158717240975E+00 a       589     0    37     1    13
6.0851025656581481E-01 a       590     0    37     1    14
-2.4271649691361982E-01 a       591     0    37     1    15
-7.7881846002383764E-02 a       592     0    37     1    16
-2.3530479592411535E-01 a       593     0    38     1     1
2.2034919457223728E-01 a       594     0    38     1     2
-9.4079657361991309E-02 a       595     0    38     1     3
-4.3945740091390328E-01 a       596     0    38     1     4
9.9805909081143895E-02 a       597     0    38     1     5
-2.7801232378963264E-01 a       598     0    38     1     6
-4.3563308928158684E-02 a       599     0    38     1     7
1.9401069350769495E-01 a       600     0    38     1     8
-2.3431359852945580E-01 a       601     0    38     1     9
-1.2658955140683467E-01 a       602     0    38     1    10
-7.4195616726573033E-01 a       603     0    38     1    11
-2.3127069545578284E-02 a       604     0    38     1    12
2.5158267575489324E-01 a       605     0    38     1    13
2.0597789830382998E-01 a       606     0    38     1    14
6.1195214445279200E-01 a       607     0    38     1    15
8.3717177053798289E-02 a       608     0    38     1    16
1.5745273340517379E-01 a       609     0    39     1     1
1.1678609928604969E-01 a       610     0    39     1     2
1.7568442677551865E-01 a       611     0    39     1     3
3.5600120172189070E-01 a       612     0    39     1     4
5.8376170374838568E-02 a       613     0    39     1     5
-2.7816661996537650E-01 a       614     0    39     1     6
-8.8049404350746083E-02 a       615     0    39     1     7
-6.4847312304568708E-02 a       616     0    39     1     8
3.6340536239966872E-02 a       617     0    39     1     9
4.2762838628792293E-02 a       618     0    39     1    10
4.2463111011485755E-01 a       619     0    39     1    11
2.1446936492928914E-01 a       620     0    39     1    12
4.8854571990669843E-01 a       621     0    39     1    13
-1.0700550153346798E-01 a       622     0    39     1    14
1.0114398701639314E-01 a       623     0    39     1    15
-2.1783551886322242E-01 a       624     0    39     1    16
-2.5390111275974542E-01 b       625     1     1
-4.2362063755718404E-01 b       626     1     2
7.1939705218671757E-01 b       627     1     3
-4.4753957421699980E-01 b       628     1     4
4.7254093481795484E-01 b       629     1     5
7.0008743532492368E-01 b       630     1     6
-3.5546521698116851E-01 b       631     1     7
4.5514343165390492E-01 b       632     1     8
6.9428895181692457E-02 b       633     1     9
-5.0744571743093247E-01 b       634     1    10
1.0804615242341807E-01 b       635     1    11
-8.7683966715349282E-01 b       636     1    12
-9.8912294696315260E-03 b       637     1    13
6.1562930401132721E-01 b       638     1    14
7.0427283142379937E-01 b       639     1    15
-4.5753684622183731E-02 b       640     1    16
2.2380685136564785E-01 a       641     1     1     2     1
-2.9950699089885424E-01 a       642     1     1     2     2
-1.4225647225037941E-01 a       643     1     1     2     3
-3.7386566961100443E-01 a       644     1     1     2     4
-1.6218258189462900E-01 a       645     1     1     2     5
2.9039525883426537E-01 a       646     1     1     2     6
4.8066505901480683E-01 a       647     1     1     2     7
-2.0364535316153978E-01 a       648     1     1     2     8
-4.0417846204620544E-01 a       649     1     1     2     9
-4.1538599042065499E-01 a       650     1     1     2    10
-5.5320453547254445E-01 a       651     1     1     2    11
-2.4077924533661590E-01 a       652     1     1     2    12
2.0140034742561808E-01 a       653     1     1     2    13
-2.3651814964769226E-02 a       654     1     1     2    14
1.0020627467318048E-01 a       655     1     1     2    15
3.4529354496447384E-01 a       656     1     1     2    16
-2.4539219783579538E-01 a       657     1     2     2     1
-9.9031121325367857E-02 a       658     1     2     2     2
-1.9872386681103163E-01 a       659     1     2     2     3
3.6831965874758882E-01 a       660     1     2     2     4
2.8474494059597988E-01 a       661     1     2     2     5
2.6933964625511887E-02 a       662     1     2     2     6
-4.1232454036091389E-02 a       663     1     2     2     7
-3.6466080809316848E-02 a       664     1     2     2     8
-2.5413822503191608E-01 a       665     1     2     2     9
-5.7751115571098266E-01 a       666     1     2     2    10
-1.2682756812918039E-01 a       667     1     2     2    11
2.8229856845958889E-01 a       668     1     2     2    12
1.0229392302213394E-01 a       669     1     2     2    13
-1.7481655034312296E-01 a       670     1     2     2    14
-3.1997927979005519E-01 a       671     1     2     2    15
6.1981617344522233E-01 a       672     1     2     2    16
8.0323071924180908E-02 a       673     1     3     2     1
-9.9541932084592177E-01 a       674     1     3     2     2
-1.1038960547082342E-01 a       675     1     3     2     3
-1.2984352539981492E+00 a       676     1     3     2     4
1.9219081580491151E-01 a       677     1     3     2     5
4.4701018460373920E-01 a       678     1     3     2     6
2.5815759152388018E-01 a       679     1     3     2     7
-1.5238527494429482E-01 a       680     1     3     2     8
2.9554782255178663E-01 a       681     1     3     2     9
9.5222898316641852E-02 a       682     1     3     2    10
-1.2947054197370420E-01 a       683     1     3     2    11
-4.9441986578181424E-01 a       684     1     3     2    12
9.1639288247885586E-01 a       685     1     3     2    13
5.7377350438261343E-01 a       686     1     3     2    14
-3.7538652023683466E-01 a       687     1     3     2    15
3.7190081794985119E-01 a       688     1     3     2    16
-7.6345466394601963E-02 a       689     1     4     2     1
6.4057897893921967E-02 a       690     1     4     2     2
3.6551980698323028E-01 a       691     1     4     2     3
1.3893873449997259E-02 a       692     1     4     2     4
-2.2845564597249135E-01 a       693     1     4     2     5
-5.7826363536376451E-03 a       694     1     4     2     6
1.9731592910398715E-01 a       695     1     4     2     7
8.5914796448606626E-02 a       696     1     4     2     8
-7.5067672138162650E-02 a       697     1     4     2     9
-7.2587526042339279E-01 a       698     1     4     2    10
7.3798241187884306E-02 a       699     1     4     2    11
3.2704105546010537E-01 a       700     1     4     2    12
-1.1253252164906575E+00 a       701     1     4     2    13
-7.8745256392350904E-01 a       702     1     4     2    14
3.3718506315996649E-01 a       703     1     4     2    15
2.9182321801509592E-01 a       704     1     4     2    16
-1.9811142347222174E-01 a       705     1     5     2     1
1.9318630141026191E-01 a       706     1     5     2     2
3.1772859276802384E-03 a       707     1     5     2     3
-1.6573467160764715E-01 a       708     1     5     2     4
-2.1517622270792503E-02 a       709     1     5     2     5
1.4114034714804952E-01 a       710     1     5     2     6
1.4551998981960144E-03 a       711     1     5     2     7
3.3383858061671434E-01 a       712     1     5     2     8
-6.9352815887589370E-01 a       713     1     5     2     9
3.6716102124908762E-01 a       714     1     5     2    10
-8.1282150823417931E-01 a       715     1     5     2    11
1.0248204077880473E-01 a       716     1     5     2    12
5.5082116689747862E-01 a       717     1     5     2    13
-2.9513266755954082E-01 a       718     1     5     2    14
-1.9049073450708862E-02 a       719     1     5     2    15
-6.1148211790606244E-01 a       720     1     5     2    16
7.1251178037944243E-02 a       721     1     6     2     1
-1.7328949698171861E-01 a       722     1     6     2     2
-4.0787942525921655E-01 a       723     1     6     2     3
-7.2242692066005598E-01 a       724     1     6     2     4
-3.8778004252020443E-01 a       725     1     6     2     5
3.5302458298640282E-01 a       726     1     6     2     6
-8.1399075291916734E-01 a       727     1     6     2     7
-4.1335642089132468E-01 a       728     1     6     2     8
4.2245255932169223E-01 a       729     1     6     2     9
-5.8771533384550390E-01 a       730     1     6     2    10
-1.9312134873125149E+00 a       731     1     6     2    11
-2.1728904099741428E-01 a       732     1     6     2    12
-4.7349536389119584E-01 a       733     1     6     2    13
-6.2643819116180555E-01 a       734     1     6     2    14
3.6886802629690033E-02 a       735     1     6     2    15
2.3794573777563444E-01 a       736     1     6     2    16
-1.5316692188200190E-01 a       737     1     7     2     1
-5.4048683177388279E-01 a       738     1     7     2     2
-5.0647920790844925E-01 a       739     1     7     2     3
9.2390668568872701E-03 a       740     1     7     2     4
-2.6725943095462595E-02 a       741     1     7     2     5
3.8735904729166015E-01 a       742     1     7     2     6
3.0637926388255821E-01 a       743     1     7     2     7
-5.5893033829581285E-01 a       744     1     7     2     8
-2.2865346048520774E-01 a       745     1     7     2     9
8.1541666216207687E-01 a       746     1     7     2    10
-4.6739164328001137E-01 a       747     1     7     2    11
1.8157745132207213E-02 a       748     1     7     2    12
3.4217023413534486E-01 a       749     1     7     2    13
4.8692339284734248E-01 a       750     1     7     2    14
-6.1249620808316675E-02 a       751     1     7     2    15
-2.9237141529456878E-01 a       752     1     7     2    16
-4.0162124441548319E-01 a       753     1     8     2     1
8.4575848638430137E-02 a       754     1     8     2     2
-4.4004121051634154E-01 a       755     1     8     2     3
-6.7938760837930900E-01 a       756     1     8     2     4
-3.2671463266620920E-01 a       757     1     8     2     5
4.5106654453229572E-01 a       758     1     8     2     6
5.9516884350199827E-02 a       759     1     8     2     7
3.7786951105883088E-01 a       760     1     8     2     8
2.9594913209162771E-01 a       761     1     8     2     9
-4.1280534637289668E-01 a       762     1     8     2    10
-3.0385100800190901E-01 a       763     1     8     2    11
-1.7155384541876995E-01 a       764     1     8     2    12
1.0989617451497256E+00 a       765     1     8     2    13
-7.9847945846535473E-01 a       766     1     8     2    14
3.1687302574376081E-01 a       767     1     8     2    15
1.3249737389100286E-01 a       768     1     8     2    16
-4.1282815681429263E-01 a       769     1     9     2     1
2.1814022930379331E-01 a       770     1     9     2     2
-1.5881702755050806E-01 a       771     1     9     2     3
-1.3418805837264908E-01 a       772     1     9     2     4
-2.2957838423847848E-01 a       773     1     9     2     5
1.4364498321129737E-01 a       774     1     9     2     6
-2.3905643799458462E-01 a       775     1     9     2     7
-1.4083067155729194E+00 a       776     1     9     2     8
-2.1821978411690957E-01 a       777     1     9     2     9
1.7523644881335382E-01 a       778     1     9     2    10
-3.8922473086408055E-01 a       779     1     9     2    11
1.5257007393141062E-01 a       780     1     9     2    12
-8.4991977946440395E-02 a       781     1     9     2    13
-3.9578650761348211E-01 a       782     1     9     2    14
5.6557570860101114E-01 a       783     1     9     2    15
-1.9030872836572341E-01 a       784     1     9     2    16
2.6462508480310515E-01 a       785     1    10     2     1
-1.2726686577220139E-01 a       786     1    10     2     2
3.2919893439600445E-01 a       787     1    10     2     3
4.9732739827185424E-01 a       788     1    10     2     4
1.1844595228898826E-01 a       789     1    10     2     5
4.2828404843215551E-01 a       790     1    10     2     6
9.3637067721553990E-01 a       791     1    10     2     7
2.7265574996064378E-02 a       792     1    10     2     8
-2.1499205289232490E-01 a       793     1    10     2     9
-6.4479038958370727E-01 a       794     1    10     2    10
3.7165250850419168E-01 a       795     1    10     2    11
2.7463870243256960E-01 a       796     1    10     2    12
6.2631162959027509E-01 a       797     1    10     2    13
4.0872336335761217E-01 a       798     1    10     2    14
4.7921840932312754E-01 a       799     1    10     2    15
-1.2998121560320450E-01 a       800     1    10     2    16
1.4983655467894794E-01 a       801     1    11     2     1
1.7129903524607217E+00 a       802     1    11     2     2
-1.2838138602494867E-01 a       803     1    11     2     3
-2.4349807458218953E-01 a       804     1    11     2     4
-2.1475681329612681E-01 a       805     1    11     2     5
3.4487162917719560E-01 a       806     1    11     2     6
2.1950116318236029E-01 a       807     1    11     2     7
-1.6485921681344204E-01 a       808     1    11     2     8
-1.2886024088446763E-01 a       809     1    11     2     9
3.2591685695796302E-01 a       810     1    11     2    10
3.5381155314939172E-01 a       811     1    11     2    11
-5.4745150616533657E-02 a       812     1    11     2    12
3.4899434545844310E-01 a       813     1    11     2    13
1.5477992525773404E-01 a       814     1    11     2    14
-2.4250981742214056E-01 a       815     1    11     2    15
-1.6418308901737186E-01 a       816     1    11     2    16
5.1925411916410169E-01 a       817     1    12     2     1
6.5862054896240241E-01 a       818     1    12     2     2
3.3231359349684803E-01 a       819     1    12     2     3
1.2423099743185879E-01 a       820     1    12     2     4
-2.0221867548750549E-01 a       821     1    12     2     5
2.6940305148738392E-01 a       822     1    12     2     6
-1.5448279762781919E-01 a       823     1    12     2     7
-1.6812610077087725E-01 a       824     1    12     2     8
5.3803485828216029E-02 a       825     1    12     2     9
1.5891673876845844E-01 a       826     1    12     2    10
-2.5073956959429472E-01 a       827     1    12     2    11
2.3529482572856281E-01 a       828     1    12     2    12
-3.9465728779805226E-02 a       829     1    12     2    13
6.2609364843693383E-01 a       830     1    12     2    14
-6.2000201776645295E-02 a       831     1    12     2    15
9.4734416627389484E-01 a       832     1    12     2    16
-1.4774932954931666E-01 a       833     1    13     2     1
-2.4856069635068159E-01 a       834     1    13     2     2
-1.2685733816778438E-01 a       835     1    13     2     3
-1.0096513292824169E-02 a       836     1    13     2     4
1.1931058895166337E-01 a       837     1    13     2     5
-2.7392056052955499E-01 a       838     1    13     2     6
7.1697341783199131E-01 a       839     1    13     2     7
-2.0935365184687024E-01 a       840     1    13     2     8
6.5635479879593395E-01 a       841     1    13     2     9
-5.5038025217363992E-02 a       842     1    13     2    10
-3.7175337011140719E-01 a       843     1    13     2    11
-9.4054258520243017E-02 a       844     1    13     2    12
5.1751583296930997E-02 a       845     1    13     2    13
-2.3805367143751699E-01 a       846     1    13     2    14
-1.2099700040348593E-01 a       847     1    13     2    15
-1.6745575763758233E-01 a       848     1    13     2    16
-3.5842235968478892E-01 a       849     1    14     2     1
-3.2222658647613361E-01 a       850     1    14     2     2
-3.4090799799848531E-01 a       851     1    14     2     3
5.7850848040157510E-01 a       852     1    14     2     4
-1.3399180087391691E-01 a       853     1    14     2     5
2.1969749972406138E-01 a       854     1    14     2     6
-4.3397036282348106E-01 a       855     1    14     2     7
-1.3473145317472804E-01 a       856     1    14     2     8
3.8693483335812767E-01 a       857     1    14     2     9
2.0628463506134895E-01 a       858     1    14     2    10
-6.7508439587159824E-02 a       859     1    14     2    11
1.3916329107567901E-01 a       860     1    14     2    12
-6.8463299101916550E-02 a       861     1    14     2    13
-3.4785489465747915E-01 a       862     1    14     2    14
2.0708724891818364E-01 a       863     1    14     2    15
-1.0231314010931827E+00 a       864     1    14     2    16
-1.0306743599232918E-01 a       865     1    15     2     1
3.9538533813724885E-01 a       866     1    15     2     2
9.1405222894888574E-02 a       867     1    15     2     3
4.7843258451240683E-01 a       868     1    15     2     4
1.9911342190313544E-01 a       869     1    15     2     5
2.4255417645058544E-01 a       870     1    15     2     6
7.0906931050341404E-01 a       871     1    15     2     7
3.8522634855429705E-01 a       872     1    15     2     8
-3.1983865055692390E-01 a       873     1    15     2     9
-3.3555601429579257E-01 a       874     1    15     2    10
-4.1898517492527720E-01 a       875     1    15     2    11
-1.2314114716074222E-01 a       876     1    15     2    12
3.8652679068114626E-01 a       877     1    15     2    13
1.4052203967484073E-01 a       878     1    15     2    14
-5.0773754527045156E-01 a       879     1    15     2    15
1.6073685387263112E-01 a       880     1    15     2    16
5.4367733660901710E-02 a       881     1    16     2     1
-2.2414066565951257E-01 a       882     1    16     2     2
1.6719638171836096E-01 a       883     1    16     2     3
-4.4227936553540481E-01 a       884     1    16     2     4
8.1382941584640101E-03 a       885     1    16     2     5
-2.6345514742526355E-01 a       886     1    16     2     6
9.7390565978147520E-02 a       887     1    16     2     7
2.7371060160636113E-01 a       888     1    16     2     8
4.0154260588780666E-01 a       889     1    16     2     9
3.9866779952647334E-02 a       890     1    16     2    10
1.7534077350271493E-01 a       891     1    16     2    11
-2.8297846545310651E-01 a       892     1    16     2    12
-9.5238875350100255E-02 a       893     1    16     2    13
1.0689338354103006E-01 a       894     1    16     2    14
3.0586013851878519E-01 a       895     1    16     2    15
1.7142101978904631E-01 a       896     1    16     2    16
-4.1913305993778194E-01 b       897     2     1
3.1014753560547581E-01 b       898     2     2
7.0847475228690104E-01 b       899     2     3
4.3132678787249518E-01 b       900     2     4
-4.1227216886741586E-01 b       901     2     5
2.0968411915698686E-02 b       902     2     6
7.5445636720661857E-01 b       903     2     7
-8.2090117511866595E-02 b       904     2     8
-4.8297330922255785E-02 b       905     2     9
2.1612775097608081E-01 b       906     2    10
9.7168944627292508E-01 b       907     2    11
-3.3236661018989105E-01 b       908     2    12
-3.6969526559849658E-01 b       909     2    13
2.8622824778796024E-01 b       910     2    14
-1.5742076273531461E-01 b       911     2    15
-2.0049968845438562E-01 b       912     2    16
-6.0945300948326209E-01 a       913     2     1     3     1
-1.8065719286057705E-01 a       914     2     2     3     1
8.7661274843881898E-01 a       915     2     3     3     1
-7.4706564123552754E-01 a       916     2     4     3     1
-5.7390154670381255E-01 a       917     2     5     3     1
8.1622891169219292E-01 a       918     2     6     3     1
2.5248736258099086E-01 a       919     2     7     3     1
-5.1414345738555939E-02 a       920     2     8     3     1
-6.8496994595371993E-02 a       921     2     9     3     1
2.5078529830660318E-01 a       922     2    10     3     1
4.0907255906319367E-01 a       923     2    11     3     1
-8.2707907891275911E-01 a       924     2    12     3     1
6.0575675368706094E-01 a       925     2    13     3     1
-2.4370971092353327E-01 a       926     2    14     3     1
-3.6005363657067924E-01 a       927     2    15     3     1
-4.1277962856525313E-01 a       928     2    16     3     1
5.7321001954056960E-01 b       929     3     1