-6.3101023090420605E-01 a         1     0     1     1     1
-2.0094791224764674E-01 a         2     0     1     1     2
1.0643580601345051E+00 a         3     0     1     1     3
4.6225316794933985E-01 a         4     0     1     1     4
1.3806871259837001E+00 a         5     0     1     1     5
1.3812788822873634E-01 a         6     0     1     1     6
-1.1560089014022379E+00 a         7     0     1     1     7
5.2474614698719002E-01 a         8     0     1     1     8
2.7494595664238769E-01 a         9     0     1     1     9
-6.9302177131121856E-01 a        10     0     1     1    10
1.0209879234768415E+00 a        11     0     1     1    11
-4.2066285464791786E-01 a        12     0     1     1    12
-6.5403697937031913E-01 a        13     0     1     1    13
-1.1317373769091761E+00 a        14     0     1     1    14
5.9404138861798661E-01 a        15     0     1     1    15
1.2020270556107684E-01 a        16     0     1     1    16
-5.9739289750039626E-01 a        17     0     1     1    17
-1.4995472350354406E+00 a        18     0     1     1    18
-9.5941200859504416E-02 a        19     0     1     1    19
-1.1572912065186511E-01 a        20     0     1     1    20
6.2900285062907665E-02 a        21     0     1     1    21
-1.4046082697725741E+00 a        22     0     1     1    22
4.1884394636263417E-01 a        23     0     1     1    23
-1.0662970974926451E-01 a        24     0     1     1    24
2.6570341452779478E-01 a        25     0     2     1     1
1.4402828729047776E-01 a        26     0     2     1     2
-1.2494295057665579E+00 a        27     0     2     1     3
-1.5419694935343748E+00 a        28     0     2     1     4
-1.0170948226792842E+00 a        29     0     2     1     5
-1.0383947157851529E-01 a        30     0     2     1     6
1.6367780796285054E+00 a        31     0     2     1     7
-1.0065553907533253E+00 a        32     0     2     1     8
-1.4852986616621093E+00 a        33     0     2     1     9
3.4282629477375914E-01 a        34     0     2     1    10
-8.7739429607949593E-01 a        35     0     2     1    11
4.9438502969939457E-01 a        36     0     2     1    12
3.1726495149627221E-01 a        37     0     2     1    13
6.6326830881411725E-01 a        38     0     2     1    14
-3.7784849835207440E-02 a        39     0     2     1    15
3.5878069476866403E-01 a        40     0     2     1    16
1.0042530797455727E+00 a        41     0     2     1    17
2.8522575211229202E+00 a        42     0     2     1    18
3.5431425604663236E-01 a        43     0     2     1    19
-7.2270093682498038E-02 a        44     0     2     1    20
1.9117103156040927E-01 a        45     0     2     1    21
1.4110001192518058E+00 a        46     0     2     1    22
-1.4429550712755592E+00 a        47     0     2     1    23
3.3760732568842494E-01 a        48     0     2     1    24
1.0698704356098083E-02 a        49     0     3     1     1
-1.2664604507291086E-01 a        50     0     3     1     2
2.4016465028475331E-01 a        51     0     3     1     3
5.6259530022284343E-01 a        52     0     3     1     4
5.1936511459549362E-01 a        53     0     3     1     5
1.0921729816016694E-01 a        54     0     3     1     6
-6.9306685759775299E-01 a        55     0     3     1     7
9.8485008164578547E-01 a        56     0     3     1     8
9.6269873828709240E-01 a        57     0     3     1     9
-2.5649496770077074E-01 a        58     0     3     1    10
1.4814819627073547E-01 a        59     0     3     1    11
-8.9470902287853496E-02 a        60     0     3     1    12
-1.6821181682417891E-01 a        61     0     3     1    13
-5.3358795455801765E-02 a        62     0     3     1    14
-9.9552789454931373E-02 a        63     0     3     1    15
-2.0179500705032288E-01 a        64     0     3     1    16
-6.4265377556954251E-01 a        65     0     3     1    17
-2.6123110758862050E-01 a        66     0     3     1    18
-6.2664912070950984E-01 a        67     0     3     1    19
2.9650464317243752E-01 a        68     0     3     1    20
-2.4891899186260205E-01 a        69     0     3     1    21
2.9907897671877059E-01 a        70     0     3     1    22
7.3158602709349185E-01 a        71     0     3     1    23
1.1175004806865052E-01 a        72     0     3     1    24
4.5915128735306532E-01 a        73     0     4     1     1
-4.9892112048610221E-01 a        74     0     4     1     2
-4.0762751499759625E-01 a        75     0     4     1     3
-1.3394611633662989E-01 a        76     0     4     1     4
-5.0418795239123704E-01 a        77     0     4     1     5
-6.3640579260660649E-02 a        78     0     4     1     6
4.0230024371494388E-01 a        79     0     4     1     7
-1.9474880372118616E-01 a        80     0     4     1     8
-4.4427629386399531E-01 a        81     0     4     1     9
5.3312797851266698E-02 a        82     0     4     1    10
-3.6733203426145328E-01 a        83     0     4     1    11
-9.0435288070144226E-03 a        84     0     4     1    12
-2.0709431777218575E-02 a        85     0     4     1    13
9.9922506924391384E-04 a        86     0     4     1    14
-5.0794374932512418E-02 a        87     0     4     1    15
5.5249392502416528E-01 a        88     0     4     1    16
4.1424247510623430E-01 a        89     0     4     1    17
2.6065458241531059E-01 a        90     0     4     1    18
2.3118650250451270E-01 a        91     0     4     1    19
-1.6855016000847653E-01 a        92     0     4     1    20
5.6618924739891208E-01 a        93     0     4     1    21
2.6555071889442267E-01 a        94     0     4     1    22
-4.6514803135924798E-01 a        95     0     4     1    23
-3.3948318749074391E-01 a        96     0     4     1    24
3.8497763166971033E-01 a        97     0     5     1     1
8.4007398525308058E-02 a        98     0     5     1     2
2.6972539504147347E-01 a        99     0     5     1     3
2.0336578762458554E-01 a       100     0     5     1     4
-2.3256839371872848E-01 a       101     0     5     1     5
-9.2566501209002783E-02 a       102     0     5     1     6
3.6765321488957725E-02 a       103     0     5     1     7
-7.5573366840133382E-02 a       104     0     5     1     8
2.9798475707882205E-01 a       105     0     5     1     9
5.9069324479065197E-02 a       106     0     5     1    10
5.9960163469979615E-02 a       107     0     5     1    11
-3.4804651548529597E-01 a       108     0     5     1    12
4.1220836401269717E-01 a       109     0     5     1    13
4.5689207804627013E-02 a       110     0     5     1    14
-4.5084405349458623E-01 a       111     0     5     1    15
-1.2693924225649675E-01 a       112     0     5     1    16
-2.5271299607112080E-01 a       113     0     5     1    17
-3.6042858763584991E-02 a       114     0     5     1    18
-2.5127596064156255E-01 a       115     0     5     1    19
-1.9567594940362895E-01 a       116     0     5     1    20
1.0624743099970393E-01 a       117     0     5     1    21
-1.8409580124972383E-01 a       118     0     5     1    22
6.0508474978078104E-02 a       119     0     5     1    23
-5.1487412499190688E-01 a       120     0     5     1    24
-3.3567945215975320E-01 a       121     0     6     1     1
3.3737926210062519E-01 a       122     0     6     1     2
3.1016835853804081E-01 a       123     0     6     1     3
3.8208355117701695E-02 a       124     0     6     1     4
7.5308957521996922E-01 a       125     0     6     1     5
-1.6300378646204844E-01 a       126     0     6     1     6
-4.3617271463806900E-01 a       127     0     6     1     7
1.5847975939038339E-01 a       128     0     6     1     8
-1.2624094729231955E-01 a       129     0     6     1     9
7.3390822020213728E-02 a       130     0     6     1    10
5.3449485587672918E-01 a       131     0     6     1    11
-4.1732596690050461E-01 a       132     0     6     1    12
-1.6292870435786574E-01 a       133     0     6     1    13
-9.5172170327191086E-01 a       134     0     6     1    14
1.8382225593408164E-01 a       135     0     6     1    15
7.3438862033585101E-02 a       136     0     6     1    16
-4.0705259379100595E-01 a       137     0     6     1    17
-8.2622229211433951E-01 a       138     0     6     1    18
-2.0373078064119840E-01 a       139     0     6     1    19
3.6007071476953600E-01 a       140     0     6     1    20
-2.3719844303950431E-02 a       141     0     6     1    21
-8.7645912652333280E-01 a       142     0     6     1    22
4.2677797374892729E-01 a       143     0     6     1    23
-1.4720830953164418E-01 a       144     0     6     1    24
4.3688022825573644E-02 a       145     0     7     1     1
-2.4049401055924538E-01 a       146     0     7     1     2
6.9495230289293697E-01 a       147     0     7     1     3
2.0324994031705190E-01 a       148     0     7     1     4
-5.1892030606037953E-03 a       149     0     7     1     5
7.7987497989977048E-02 a       150     0     7     1     6
-2.9649794138832819E-01 a       151     0     7     1     7
2.2555586919445442E-02 a       152     0     7     1     8
5.3993371804287937E-01 a       153     0     7     1     9
2.5213877743721073E-02 a       154     0     7     1    10
4.2474844041911576E-02 a       155     0     7     1    11
-3.4819555728923385E-01 a       156     0     7     1    12
-1.4653874505988862E-01 a       157     0     7     1    13
1.3158918103057482E-01 a       158     0     7     1    14
-4.6990233650424773E-01 a       159     0     7     1    15
1.6524093420489275E-01 a       160     0     7     1    16
-3.2281004443610084E-01 a       161     0     7     1    17
-8.8736945932264000E-01 a       162     0     7     1    18
2.1510998043232494E-02 a       163     0     7     1    19
9.4780493432847679E-04 a       164     0     7     1    20
-9.7579182461392786E-02 a       165     0     7     1    21
-1.1193625930419752E-01 a       166     0     7     1    22
6.0654948710493806E-01 a       167     0     7     1    23
-4.9150735248432326E-01 a       168     0     7     1    24
-6.8650767630134002E-02 a       169     0     8     1     1
1.0077771998133553E-01 a       170     0     8     1     2
3.3722573999556887E-02 a       171     0     8     1     3
-4.6931128468589206E-01 a       172     0     8     1     4
-1.5365048270609380E-02 a       173     0     8     1     5
4.3938259023664897E-02 a       174     0     8     1     6
2.6754872137263974E-01 a       175     0     8     1     7
4.7992587417109733E-01 a       176     0     8     1     8
6.7114664020973702E-01 a       177     0     8     1     9
7.3455203038557862E-02 a       178     0     8     1    10
4.1672850565268163E-02 a       179     0     8     1    11
-3.6430197394234776E-01 a       180     0     8     1    12
-1.5296089294758361E-01 a       181     0     8     1    13
-3.5444768548525907E-02 a       182     0     8     1    14
9.1056630450302781E-02 a       183     0     8     1    15
-9.3412968234231308E-01 a       184     0     8     1    16
-1.1655393203672244E-01 a       185     0     8     1    17
-1.3148601218614728E-01 a       186     0     8     1    18
9.0649375797497614E-02 a       187     0     8     1    19
-3.4417263195264597E-01 a       188     0     8     1    20
-3.3982768251620449E-01 a       189     0     8     1    21
2.2050278176891763E-01 a       190     0     8     1    22
1.2796988745737489E-01 a       191     0     8     1    23
3.7054853383241126E-01 a       192     0     8     1    24
2.9410320129510809E-01 a       193     0     9     1     1
4.6654311668113707E-01 a       194     0     9     1     2
-2.0235194390866193E-01 a       195     0     9     1     3
-6.5742121722370439E-01 a       196     0     9     1     4
-3.4153001518476367E-01 a       197     0     9     1     5
-1.2417546596220259E-01 a       198     0     9     1     6
4.1555991140463899E-01 a       199     0     9     1     7
-5.4824918728995597E-01 a       200     0     9     1     8
-3.1395112522612650E-01 a       201     0     9     1     9
7.1411569958641752E-01 a       202     0     9     1    10
-6.0764657392257726E-01 a       203     0     9     1    11
2.1844230820462610E-01 a       204     0     9     1    12
-1.7848487932815954E-01 a       205     0     9     1    13
6.8315297185529533E-01 a       206     0     9     1    14
-2.8307161533735598E-01 a       207     0     9     1    15
-4.5138321639102280E-02 a       208     0     9     1    16
2.7721648937665255E-01 a       209     0     9     1    17
5.7761286128742606E-01 a       210     0     9     1    18
3.9598277331930012E-02 a       211     0     9     1    19
3.4378657132314450E-01 a       212     0     9     1    20
-1.0899813229441412E-01 a       213     0     9     1    21
-2.7769902648826084E-01 a       214     0     9     1    22
-5.1220655342908650E-01 a       215     0     9     1    23
1.1547959629168689E-01 a       216     0     9     1    24
-3.5474977299673256E-02 a       217     0    10     1     1
-4.5557027807391554E-01 a       218     0    10     1     2
-1.1895744488690971E-01 a       219     0    10     1     3
-4.4492604166385105E-02 a       220     0    10     1     4
-1.1869132131666975E-01 a       221     0    10     1     5
-1.2014590780239909E-01 a       222     0    10     1     6
-6.1313875557470876E-01 a       223     0    10     1     7
2.4509664835002762E-01 a       224     0    10     1     8
3.5953559318088391E-01 a       225     0    10     1     9
-2.3286112918733584E-01 a       226     0    10     1    10
1.1558092684085952E-01 a       227     0    10     1    11
1.8541402387096009E-01 a       228     0    10     1    12
2.6963819837050673E-01 a       229     0    10     1    13
3.3566588081471382E-01 a       230     0    10     1    14
-2.2828815295223442E-01 a       231     0    10     1    15
5.7889087688448460E-01 a       232     0    10     1    16
4.1800218314889316E-02 a       233     0    10     1    17
-1.3258897160173051E-02 a       234     0    10     1    18
-4.8929172863265175E-01 a       235     0    10     1    19
-2.7233762767596031E-01 a       236     0    10     1    20
4.1666508306581979E-01 a       237     0    10     1    21
1.5189805190040964E-01 a       238     0    10     1    22
5.8781893385124018E-02 a       239     0    10     1    23
1.3656397264929579E-01 a       240     0    10     1    24
-1.3064857528838936E-01 a       241     0    11     1     1
8.2256210154044815E-02 a       242     0    11     1     2
-5.8498418754373216E-01 a       243     0    11     1     3
1.8816222350104769E-01 a       244     0    11     1     4
-3.0214243565849458E-01 a       245     0    11     1     5
-4.4286186390447783E-02 a       246     0    11     1     6
-3.9019938389881981E-01 a       247     0    11     1     7
-7.6080372219324219E-02 a       248     0    11     1     8
9.5669004786082812E-02 a       249     0    11     1     9
1.1904660762647749E-03 a       250     0    11     1    10
3.6997996385839577E-01 a       251     0    11     1    11
-1.2535604716523518E-02 a       252     0    11     1    12
-2.0541462846284376E-02 a       253     0    11     1    13
2.7905310562326024E-01 a       254     0    11     1    14
-3.7707175949122297E-02 a       255     0    11     1    15
-4.8842282159198547E-01 a       256     0    11     1    16
-1.2758395922273905E-01 a       257     0    11     1    17
2.4012043254132920E-01 a       258     0    11     1    18
1.7994470611980527E-03 a       259     0    11     1    19
-5.9927421749479584E-02 a       260     0    11     1    20
2.3162914244021879E-02 a       261     0    11     1    21
-3.6320323631431189E-01 a       262     0    11     1    22
-6.6564694110998163E-02 a       263     0    11     1    23
3.1672733937292669E-01 a       264     0    11     1    24
5.9040088999001705E-01 a       265     0    12     1     1
-2.2434659194976861E-01 a       266     0    12     1     2
-4.3714958858240210E-01 a       267     0    12     1     3
-9.1055112636398997E-02 a       268     0    12     1     4
-2.8560141938374062E-01 a       269     0    12     1     5
2.1590347739875823E-01 a       270     0    12     1     6
-1.1535566317154233E-01 a       271     0    12     1     7
9.7507436511012902E-03 a       272     0    12     1     8
-3.4811299936117734E-01 a       273     0    12     1     9
1.5615245344306314E-01 a       274     0    12     1    10
-9.5410699573064264E-02 a       275     0    12     1    11
4.3220063754975238E-02 a       276     0    12     1    12
4.3182267935650026E-01 a       277     0    12     1    13
5.3280348348889439E-01 a       278     0    12     1    14
-3.8445803377893156E-01 a       279     0    12     1    15
1.1249156953443627E-01 a       280     0    12     1    16
-9.0965285451496805E-02 a       281     0    12     1    17
9.1022192223682896E-01 a       282     0    12     1    18
1.5490856913455814E-01 a       283     0    12     1    19
2.1934823658254590E-01 a       284     0    12     1    20
4.7077475076802189E-01 a       285     0    12     1    21
7.3792076304682219E-01 a       286     0    12     1    22
-5.1356776142805227E-01 a       287     0    12     1    23
-4.3514365851498538E-01 a       288     0    12     1    24
-4.1394355101209680E-02 a       289     0    13     1     1
-8.2336162590082501E-02 a       290     0    13     1     2
-3.2842796520084072E-01 a       291     0    13     1     3
7.3320351296328623E-01 a       292     0    13     1     4
1.3367331749142239E-01 a       293     0    13     1     5
1.5177376042098206E-01 a       294     0    13     1     6
-2.1792813098682933E-03 a       295     0    13     1     7
9.0438286966002993E-02 a       296     0    13     1     8
3.4775463725264666E-01 a       297     0    13     1     9
-1.7858823473783028E-01 a       298     0    13     1    10
3.5240431409571815E-01 a       299     0    13     1    11
1.7894737729932022E-02 a       300     0    13     1    12
9.8995557798589456E-03 a       301     0    13     1    13
-1.7758463010341334E-02 a       302     0    13     1    14
-4.3785993802870676E-01 a       303     0    13     1    15
3.8317996250446096E-01 a       304     0    13     1    16
-1.8450239545597008E-01 a       305     0    13     1    17
-6.5365132938579665E-02 a       306     0    13     1    18
3.1798887589616082E-01 a       307     0    13     1    19
-4.4178963973695068E-01 a       308     0    13     1    20
-1.7909690958114202E-01 a       309     0    13     1    21
5.4892529581853222E-01 a       310     0    13     1    22
1.2832850954043235E-01 a       311     0    13     1    23
-2.3848009914179524E-01 a       312     0    13     1    24
1.7381799507776666E-01 a       313     0    14     1     1
2.4463536984122497E-01 a       314     0    14     1     2
7.3459528037961941E-01 a       315     0    14     1     3
-5.1794647977085495E-01 a       316     0    14     1     4
1.9252818488985343E-01 a       317     0    14     1     5
-2.0887432157701943E-01 a       318     0    14     1     6
-8.7681241810054711E-02 a       319     0    14     1     7
2.8831356010543990E-01 a       320     0    14     1     8
-2.8916749020933080E-01 a       321     0    14     1     9
-2.4248055358413567E-02 a       322     0    14     1    10
2.9804103392110687E-01 a       323     0    14     1    11
1.3733259425769451E-01 a       324     0    14     1    12
2.8378734818587513E-02 a       325     0    14     1    13
-5.6525374393009697E-01 a       326     0    14     1    14
-3.3448687636477820E-01 a       327     0    14     1    15
8.6579419094300267E-02 a       328     0    14     1    16
-2.1805681203160168E-01 a       329     0    14     1    17
-2.8185550756593969E-01 a       330     0    14     1    18
-1.6350256583750872E-01 a       331     0    14     1    19
-1.7154575115334896E-02 a       332     0    14     1    20
1.5968387073664075E-01 a       333     0    14     1    21
1.0157445344410972E-01 a       334     0    14     1    22
3.3693876879926504E-01 a       335     0    14     1    23
-1.4035713779703365E-01 a       336     0    14     1    24
-4.9677261216605811E-01 a       337     0    15     1     1
-4.6429287658946566E-01 a       338     0    15     1     2
1.4320413912126542E-01 a       339     0    15     1     3
4.9462300102049639E-01 a       340     0    15     1     4
8.7764101642583109E-02 a       341     0    15     1     5
3.1686345279635174E-02 a       342     0    15     1     6
-3.7849326611348599E-01 a       343     0    15     1     7
3.0109322042987469E-01 a       344     0    15     1     8
6.2597287225110487E-01 a       345     0    15     1     9
-3.9090217500943630E-01 a       346     0    15     1    10
7.7802567265201039E-01 a       347     0    15     1    11
-2.7962721485368564E-01 a       348     0    15     1    12
-1.5763308642594495E-01 a       349     0    15     1    13
-6.0867763842693368E-01 a       350     0    15     1    14
2.9078064109034074E-01 a       351     0    15     1    15
3.3632848683543531E-01 a       352     0    15     1    16
-1.4425333167048229E-01 a       353     0    15     1    17
-8.4013034036676337E-01 a       354     0    15     1    18
1.2129512302657372E-01 a       355     0    15     1    19
-2.9801264032436736E-01 a       356     0    15     1    20
3.0703468850801455E-02 a       357     0    15     1    21
-4.8208255196703220E-01 a       358     0    15     1    22
2.3665362858974590E-01 a       359     0    15     1    23
-5.3024408899604503E-01 a       360     0    15     1    24
-3.2997751982205933E-02 a       361     0    16     1     1
3.8116763234644108E-02 a       362     0    16     1     2
-5.1273464174583439E-01 a       363     0    16     1     3
3.4132561480370227E-01 a       364     0    16     1     4
-5.4792570425390463E-01 a       365     0    16     1     5
-1.5936201773767329E-02 a       366     0    16     1     6
2.8797656264639676E-01 a       367     0    16     1     7
3.4705592398351706E-03 a       368     0    16     1     8
-1.0859061578971929E-02 a       369     0    16     1     9
-2.8603027849959528E-01 a       370     0    16     1    10
-2.0325210978911079E-01 a       371     0    16     1    11
3.5183772030163901E-01 a       372     0    16     1    12
2.7196853519385078E-01 a       373     0    16     1    13
6.3979706103821388E-01 a       374     0    16     1    14
-1.9714361281520479E-01 a       375     0    16     1    15
2.1641921509763509E-03 a       376     0    16     1    16
-3.1991763922603161E-01 a       377     0    16     1    17
2.0757458133713477E-01 a       378     0    16     1    18
-1.6927568095785731E-01 a       379     0    16     1    19
-3.4555711042405468E-01 a       380     0    16     1    20
-3.8438957529066076E-01 a       381     0    16     1    21
2.7578127406800695E-01 a       382     0    16     1    22
4.6067659320204908E-02 a       383     0    16     1    23
-3.1400201891151369E-01 a       384     0    16     1    24
-1.9502612398506697E-01 a       385     0    17     1     1
5.5598006143872369E-01 a       386     0    17     1     2
-5.5272220660645799E-01 a       387     0    17     1     3
-2.4144925293261554E-01 a       388     0    17     1     4
-2.6730563999770252E-01 a       389     0    17     1     5
-4.1062629396015342E-02 a       390     0    17     1     6
5.9479041512487330E-01 a       391     0    17     1     7
-6.8713814247922711E-01 a       392     0    17     1     8
-4.6156721594557215E-01 a       393     0    17     1     9
-1.0528874877445100E-01 a       394     0    17     1    10
-4.7091627297388888E-01 a       395     0    17     1    11
8.9799258871193799E-01 a       396     0    17     1    12
-4.5581745976324389E-01 a       397     0    17     1    13
4.8785419794015394E-01 a       398     0    17     1    14
-6.3516568442753604E-03 a       399     0    17     1    15
3.9194765377053686E-01 a       400     0    17     1    16
5.6353587766506885E-01 a       401     0    17     1    17
8.2029123636564810E-02 a       402     0    17     1    18
4.2331879734769054E-02 a       403     0    17     1    19
1.4136244297533387E-01 a       404     0    17     1    20
2.5394500232382742E-02 a       405     0    17     1    21
-1.5990208941144618E-01 a       406     0    17     1    22
-1.2903100407933110E-01 a       407     0    17     1    23
3.2163708751354586E-01 a       408     0    17     1    24
-1.2033479823254721E-01 a       409     0    18     1     1
4.6004688992608267E-01 a       410     0    18     1     2
-6.0418946940988802E-02 a       411     0    18     1     3
-8.8848817649718137E-02 a       412     0    18     1     4
4.4484819586479193E-02 a       413     0    18     1     5
3.8174839163504248E-01 a       414     0    18     1     6
4.6011389611522557E-01 a       415     0    18     1     7
-1.0095253390208764E-01 a       416     0    18     1     8
-4.7798900943313555E-01 a       417     0    18     1     9
8.1813256633575901E-02 a       418     0    18     1    10
-3.2954823960128521E-01 a       419     0    18     1    11
-2.3517416731280838E-01 a       420     0    18     1    12
-5.6055717646770176E-01 a       421     0    18     1    13
-3.7152849136736860E-01 a       422     0    18     1    14
-5.6432947953500290E-02 a       423     0    18     1    15
-2.6028580966630471E-01 a       424     0    18     1    16
3.2883349648373104E-02 a       425     0    18     1    17
5.0713414833831183E-02 a       426     0    18     1    18
3.5832575683324819E-01 a       427     0    18     1    19
1.4390748470094195E-01 a       428     0    18     1    20
-3.9408093698157048E-01 a       429     0    18     1    21
-8.7321494009835632E-02 a       430     0    18     1    22
7.3711989979722586E-02 a       431     0    18     1    23
-2.6457406583351301E-01 a       432     0    18     1    24
3.8102386605596633E-01 a       433     0    19     1     1
1.1860834784461212E-01 a       434     0    19     1     2
3.1310043504886326E-01 a       435     0    19     1     3
3.5583374092642882E-03 a       436     0    19     1     4
1.4050485669160045E-01 a       437     0    19     1     5
-7.8085689060938143E-02 a       438     0    19     1     6
1.2609855193429645E-01 a       439     0    19     1     7
-8.4040438482235330E-02 a       440     0    19     1     8
-4.6805318760160070E-01 a       441     0    19     1     9
3.2057576938431240E-02 a       442     0    19     1    10
-5.3091273376971249E-01 a       443     0    19     1    11
-2.7217708639087462E-01 a       444     0    19     1    12
8.7622387947897493E-02 a       445     0    19     1    13
-6.8446746512353629E-01 a       446     0    19     1    14
2.3997600820530740E-01 a       447     0    19     1    15
1.7557424331701277E-01 a       448     0    19     1    16
-8.5927881896417910E-02 a       449     0    19     1    17
-4.3844114810458673E-01 a       450     0    19     1    18
3.0454344664310101E-01 a       451     0    19     1    19
-4.5252640802729586E-03 a       452     0    19     1    20
1.9535384076794393E-02 a       453     0    19     1    21
4.8535568403105045E-01 a       454     0    19     1    22
7.3083972694147015E-02 a       455     0    19     1    23
-1.8051668331548512E-01 a       456     0    19     1    24
1.5286191034753804E-01 a       457     0    20     1     1
-4.4279682881325105E-01 a       458     0    20     1     2
-1.2344991241316319E-01 a       459     0    20     1     3
-3.7138157671254723E-01 a       460     0    20     1     4
-3.8316340726243564E-01 a       461     0    20     1     5
-1.4237156860215218E-02 a       462     0    20     1     6
3.2616344307420220E-01 a       463     0    20     1     7
-1.4346393042131744E-01 a       464     0    20     1     8
2.1973736246122748E-02 a       465     0    20     1     9
2.9745469483027048E-01 a       466     0    20     1    10
-4.0767053432030997E-01 a       467     0    20     1    11
2.4453844372386946E-01 a       468     0    20     1    12
1.8764897746602868E-01 a       469     0    20     1    13
4.2683909102539741E-01 a       470     0    20     1    14
-5.5645429604169372E-01 a       471     0    20     1    15
6.7810165819293083E-02 a       472     0    20     1    16
-1.1133822688440904E-01 a       473     0    20     1    17
7.6702341947791153E-01 a       474     0    20     1    18
2.6107087038511845E-01 a       475     0    20     1    19
3.7085749023977577E-01 a       476     0    20     1    20
-6.3322498093714708E-02 a       477     0    20     1    21
7.3217094942494176E-01 a       478     0    20     1    22
-6.4876067948816407E-01 a       479     0    20     1    23
-2.6459464735638238E-01 a       480     0    20     1    24
2.1151579996103387E-01 a       481     0    21     1     1
-2.4315982295172528E-01 a       482     0    21     1     2
-1.3215011861357398E-01 a       483     0    21     1     3
-2.0506687810701865E-01 a       484     0    21     1     4
2.0395853541403475E-01 a       485     0    21     1     5
3.2242518129051179E-01 a       486     0    21     1     6
-3.6225415842997752E-02 a       487     0    21     1     7
2.3512952456693131E-01 a       488     0    21     1     8
-1.2982700386370480E-01 a       489     0    21     1     9
2.3351691054691120E-01 a       490     0    21     1    10
5.0507245682910396E-01 a       491     0    21     1    11
3.1486198956659127E-02 a       492     0    21     1    12
-3.7177351280147591E-01 a       493     0    21     1    13
1.0166296685719117E-02 a       494     0    21     1    14
-1.6660352396413275E-01 a       495     0    21     1    15
-7.3048882483703906E-02 a       496     0    21     1    16
9.5418591195866223E-02 a       497     0    21     1    17
-1.5876152116480072E-01 a       498     0    21     1    18
1.7857590334912460E-01 a       499     0    21     1    19
-3.7276157264248261E-01 a       500     0    21     1    20
2.0114167191735471E-01 a       501     0    21     1    21
2.9632825506033300E-01 a       502     0    21     1    22
8.3874036711960004E-02 a       503     0    21     1    23
-7.1616929257082532E-02 a       504     0    21     1    24
-1.3851175179790512E-01 a       505     0    22     1     1
3.1444677664432136E-01 a       506     0    22     1     2
5.7881964768906780E-01 a       507     0    22     1     3
6.6965397041235594E-02 a       508     0    22     1     4
3.1623313846666856E-01 a       509     0    22     1     5
-2.1147459938185653E-01 a       510     0    22     1     6
-3.2243694727562960E-01 a       511     0    22     1     7
1.4373673410142540E-01 a       512     0    22     1     8
6.7351456246645214E-01 a       513     0    22     1     9
-3.9672429482211896E-01 a       514     0    22     1    10
1.2065623435367979E-01 a       515     0    22     1    11
-2.2187545895630265E-01 a       516     0    22     1    12
-4.3616447217370574E-01 a       517     0    22     1    13
2.6167260519955476E-01 a       518     0    22     1    14
-4.3596475750562647E-01 a       519     0    22     1    15
8.9811815724860244E-02 a       520     0    22     1    16
-1.5295854224779032E-01 a       521     0    22     1    17
-3.7025283961631650E-01 a       522     0    22     1    18
6.0665092305115291E-02 a       523     0    22     1    19
2.1748422290965921E-01 a       524     0    22     1    20
-2.3819126751563419E-01 a       525     0    22     1    21
-1.9752018178400743E-01 a       526     0    22     1    22
5.9238823232006421E-01 a       527     0    22     1    23
2.3038115406336906E-01 a       528     0    22     1    24
-5.1123189405280256E-01 a       529     0    23     1     1
-9.2436624767767081E-02 a       530     0    23     1     2
3.4351890217491243E-01 a       531     0    23     1     3
6.6715333761072276E-02 a       532     0    23     1     4
1.7044697577713830E-01 a       533     0    23     1     5
1.2077261951264755E-01 a       534     0    23     1     6
-5.3056128818607384E-01 a       535     0    23     1     7
1.9624596579165696E-01 a       536     0    23     1     8
-1.3579931501626696E-01 a       537     0    23     1     9
-3.2107720894031905E-01 a       538     0    23     1    10
2.1655644888510120E-01 a       539     0    23     1    11
-4.4703553473693813E-01 a       540     0    23     1    12
-1.1123958705447548E-01 a       541     0    23     1    13
-3.2870220820729795E-01 a       542     0    23     1    14
1.2234379597989894E-01 a       543     0    23     1    15
3.7680698464671376E-02 a       544     0    23     1    16
-1.8418632899253051E-01 a       545     0    23     1    17
-5.5094934762812919E-01 a       546     0    23     1    18
2.0203204310831549E-01 a       547     0    23     1    19
-1.2785916135069106E-01 a       548     0    23     1    20
3.2726148510523613E-02 a       549     0    23     1    21
-4.2728587406916413E-01 a       550     0    23     1    22
6.1113677259900398E-02 a       551     0    23     1    23
2.6736287435518358E-01 a       552     0    23     1    24
-3.1044887881680139E-02 a       553     0    24     1     1
-3.4025881147430598E-01 a       554     0    24     1     2
-4.7037892575776558E-01 a       555     0    24     1     3
-8.3635491443683263E-02 a       556     0    24     1     4
5.7729504770711197E-02 a       557     0    24     1     5
-8.5759969923380031E-02 a       558     0    24     1     6
2.2916536323422931E-01 a       559     0    24     1     7
-4.7115608041943946E-01 a       560     0    24     1     8
-2.0084072203669798E-01 a       561     0    24     1     9
-9.1431960406459456E-02 a       562     0    24     1    10
2.1267556264537826E-01 a       563     0    24     1    11
-6.8968087904367342E-02 a       564     0    24     1    12
-4.9795773507455487E-01 a       565     0    24     1    13
1.7907573289045495E-01 a       566     0    24     1    14
2.1293214976197591E-01 a       567     0    24     1    15
5.0229061919618267E-01 a       568     0    24     1    16
5.4893525101303664E-01 a       569     0    24     1    17
-8.4490708467914663E-02 a       570     0    24     1    18
-2.1700018045207431E-01 a       571     0    24     1    19
-4.0088308855784323E-04 a       572     0    24     1    20
6.4996430943721650E-01 a       573     0    24     1    21
-3.4837196012926885E-01 a       574     0    24     1    22
3.1698463565943569E-01 a       575     0    24     1    23
-1.1624328605668142E+00 a       576     0    24     1    24
-8.1441818313459906E-03 a       577     0    25     1     1
2.1764404761586334E-01 a       578     0    25     1     2
-2.2103014521774575E-01 a       579     0    25     1     3
-1.9914796287199371E-01 a       580     0    25     1     4
-5.9621510146395140E-01 a       581     0    25     1     5
1.0994187113953802E-01 a       582     0    25     1     6
-6.5021022183151991E-02 a       583     0    25     1     7
3.2609525134010352E-02 a       584     0    25     1     8
-2.0022708437980671E-01 a       585     0    25     1     9
9.1047952887046660E-02 a       586     0    25     1    10
-5.4698568493393618E-01 a       587     0    25     1    11
3.9004676247483820E-02 a       588     0    25     1    12
8.9059440260306932E-02 a       589     0    25     1    13
1.7835012762012485E-02 a       590     0    25     1    14
2.2968062483888160E-01 a       591     0    25     1    15
-2.7647950172421921E-02 a       592     0    25     1    16
8.9534114913406959E-02 a       593     0    25     1    17
4.7012038418733698E-01 a       594     0    25     1    18
-5.0774720721924615E-01 a       595     0    25     1    19
1.5731177140128608E-01 a       596     0    25     1    20
-6.8982350807110390E-02 a       597     0    25     1    21
3.0449513764606390E-01 a       598     0    25     1    22
-4.6430593980954671E-02 a       599     0    25     1    23
5.4490373949018456E-01 a       600     0    25     1    24
-8.2901065673705907E-02 a       601     0    26     1     1
2.2013495253342977E-01 a       602     0    26     1     2
-6.3006230531994181E-02 a       603     0    26     1     3
1.8277041937457300E-01 a       604     0    26     1     4
5.8695052761151854E-02 a       605     0    26     1     5
-2.1250086537576072E-02 a       606     0    26     1     6
1.0891335311144990E-01 a       607     0    26     1     7
-1.6472699498537836E-02 a       608     0    26     1     8
1.2486668358433717E-01 a       609     0    26     1     9
-8.1948680508704227E-02 a       610     0    26     1    10
3.5355676759429987E-02 a       611     0    26     1    11
-1.9131360578055945E-01 a       612     0    26     1    12
1.7020711180176967E-01 a       613     0    26     1    13
1.3767418036415970E-03 a       614     0    26     1    14
2.1482732298626302E-02 a       615     0    26     1    15
3.2250112181186959E-02 a       616     0    26     1    16
6.6841107758153370E-02 a       617     0    26     1    17
-3.6954576077106172E-02 a       618     0    26     1    18
2.1504799441545416E-01 a       619     0    26     1    19
1.4690037019684429E-01 a       620     0    26     1    20
1.2655441541684442E-01 a       621     0    26     1    21
-1.4497230880992272E-02 a       622     0    26     1    22
-1.0010454147121915E-01 a       623     0    26     1    23
-5.5613227946754196E-01 a       624     0    26     1    24
-1.9168479901764537E-01 a       625     0    27     1     1
-9.3105888575543694E-02 a       626     0    27     1     2
2.5700301015418914E-01 a       627     0    27     1     3
6.4059604546435278E-02 a       628     0    27     1     4
2.9904983718271455E-01 a       629     0    27     1     5
1.6311343916442186E-01 a       630     0    27     1     6
-3.9284746450517841E-02 a       631     0    27     1     7
4.6115485144108243E-01 a       632     0    27     1     8
3.1721883033030646E-01 a       633     0    27     1     9
-2.1880784955366880E-02 a       634     0    27     1    10
2.7427955390800268E-01 a       635     0    27     1    11
1.2455802370208666E-01 a       636     0    27     1    12
1.0859528467531539E-01 a       637     0    27     1    13
2.9547855426411379E-01 a       638     0    27     1    14
7.6483364790129987E-02 a       639     0    27     1    15
-6.9259017011105803E-02 a       640     0    27     1    16
3.4942899943003741E-01 a       641     0    27     1    17
1.5909471099966471E-01 a       642     0    27     1    18
4.0082190649077282E-02 a       643     0    27     1    19
2.7275235989845648E-01 a       644     0    27     1    20
9.7767405383119468E-02 a       645     0    27     1    21
2.9621132129332950E-01 a       646     0    27     1    22
-2.1457275102884815E-01 a       647     0    27     1    23
-1.9633004917065336E-01 a       648     0    27     1    24
8.5110997876831351E-02 b       649     1     1
-3.1021210364391855E-01 b       650     1     2
-1.0059903313535958E-01 b       651     1     3
-1.1219916672018131E-01 b       652     1     4
7.3446540242122450E-04 b       653     1     5
9.9401076068580257E-03 b       654     1     6
-9.7978048054987707E-02 b       655     1     7
-3.8115252706043629E-01 b       656     1     8
7.3096681928545515E-02 b       657     1     9
2.3908874146395258E-03 b       658     1    10
-1.1470043938651722E-01 b       659     1    11
-4.3654425965441349E-02 b       660     1    12
-1.5215716274411208E-02 b       661     1    13
4.7109223884333848E-02 b       662     1    14
-3.1540932621012840E-01 b       663     1    15
9.9731230764023293E-02 b       664     1    16
-1.7178173825807397E-01 b       665     1    17
-2.2287852007170789E-01 b       666     1    18
-4.8449101507142073E-02 b       667     1    19
1.0281727506917338E-01 b       668     1    20
2.6044759278967189E-01 b       669     1    21
3.3269454371050701E-02 b       670     1    22
5.4192290819831519E-02 b       671     1    23
-5.3862759395934612E-01 b       672     1    24
3.5355524168010932E-01 a       673     1     1     2     1
1.4818441516720588E-02 a       674     1     1     2     2
3.8983508062916561E-01 a       675     1     1     2     3
1.9354900742214654E-01 a       676     1     1     2     4
2.9423983832867157E-01 a       677     1     1     2     5
6.0709024904979414E-01 a       678     1     1     2     6
2.4217645867314011E-01 a       679     1     1     2     7
-2.9507967754301745E-01 a       680     1     1     2     8
1.3456796561471715E-01 a       681     1     1     2     9
-1.4044764322892103E-01 a       682     1     1     2    10
-4.2475810890191745E-01 a       683     1     1     2    11
-4.6856847377065880E-01 a       684     1     1     2    12
1.9917354523746247E-01 a       685     1     1     2    13
2.2703195890090269E-01 a       686     1     1     2    14
-6.0516966388841617E-02 a       687     1     1     2    15
-2.7950103754682470E-01 a       688     1     1     2    16
3.0042388735662645E-02 a       689     1     1     2    17
1.0468497739425166E-01 a       690     1     1     2    18
2.5794366118699774E-01 a       691     1     1     2    19
-2.0312351971573295E-01 a       692     1     1     2    20
6.3370900336413696E-02 a       693     1     1     2    21
-3.3536074380947495E-02 a       694     1     1     2    22
-2.7409787472169145E-01 a       695     1     1     2    23
3.8405585916042217E-01 a       696     1     1     2    24
4.0291469730129376E-01 a       697     1     2     2     1
-2.7975182536549908E-01 a       698     1     2     2     2
-4.5373335134140753E-03 a       699     1     2     2     3
3.2938415124156184E-01 a       700     1     2     2     4
-2.8734059620241137E-01 a       701     1     2     2     5
4.7745091245840955E-02 a       702     1     2     2     6
-2.4647682068846353E-02 a       703     1     2     2     7
5.5661150825420092E-01 a       704     1     2     2     8
1.1109531091835006E-03 a       705     1     2     2     9
5.1897773544594983E-01 a       706     1     2     2    10
6.5498573158543266E-02 a       707     1     2     2    11
4.0205403745001936E-02 a       708     1     2     2    12
-1.9909072547801046E-01 a       709     1     2     2    13
3.6818407731265873E-01 a       710     1     2     2    14
-2.4750465838987160E-01 a       711     1     2     2    15
1.6236640907759575E-01 a       712     1     2     2    16
6.1604424316956423E-03 a       713     1     2     2    17
3.9981205711546858E-01 a       714     1     2     2    18
1.8243189098726192E-01 a       715     1     2     2    19
3.4391011721035586E-01 a       716     1     2     2    20
-7.7019657976331599E-03 a       717     1     2     2    21
5.2174001636131295E-01 a       718     1     2     2    22
-1.7502049474037060E-01 a       719     1     2     2    23
2.6833801646299164E-02 a       720     1     2     2    24
-2.6893234667040927E-01 a       721     1     3     2     1
-2.5836301613601054E-01 a       722     1     3     2     2
8.9337632978162829E-02 a       723     1     3     2     3
-5.1379719297051663E-01 a       724     1     3     2     4
-3.4572992136766623E-01 a       725     1     3     2     5
-2.2663679357422944E-01 a       726     1     3     2     6
7.0052617080587021E-02 a       727     1     3     2     7
1.5206223018288412E-01 a       728     1     3     2     8
1.6569337719464872E-01 a       729     1     3     2     9
-2.7587320167959017E-02 a       730     1     3     2    10
-2.6496630653248104E-01 a       731     1     3     2    11
1.1371304130557587E-01 a       732     1     3     2    12
-6.2287905722065509E-02 a       733     1     3     2    13
-2.4752548570997890E-01 a       734     1     3     2    14
-3.1911040549539305E-01 a       735     1     3     2    15
3.3953246911421531E-01 a       736     1     3     2    16
-3.4249905419596255E-01 a       737     1     3     2    17
-1.7714604705248413E-01 a       738     1     3     2    18
-9.1374608231479439E-03 a       739     1     3     2    19
-8.7419354415730951E-03 a       740     1     3     2    20
-1.1633562787210765E-01 a       741     1     3     2    21
6.1605647785662565E-01 a       742     1     3     2    22
1.7498846832070186E-02 a       743     1     3     2    23
-2.5382261492816690E-02 a       744     1     3     2    24
-8.2166949843764173E-02 a       745     1     4     2     1
4.7789966530560180E-01 a       746     1     4     2     2
4.8472870845478977E-01 a       747     1     4     2     3
1.8468021013559699E-01 a       748     1     4     2     4
2.3465834670798830E-01 a       749     1     4     2     5
2.9081307782546217E-01 a       750     1     4     2     6
6.4816876290119285E-01 a       751     1     4     2     7
-1.7454460785931802E-01 a       752     1     4     2     8
-3.9060446568758034E-01 a       753     1     4     2     9
3.7290367062510493E-01 a       754     1     4     2    10
-2.6841500463326146E-01 a       755     1     4     2    11
-4.0745199352337352E-01 a       756     1     4     2    12
-1.9201667861496527E-01 a       757     1     4     2    13
9.4851677860122482E-02 a       758     1     4     2    14
2.1629730175863929E-01 a       759     1     4     2    15
1.1856272501443786E-01 a       760     1     4     2    16
1.5590081161965996E-01 a       761     1     4     2    17
3.6537392409373280E-02 a       762     1     4     2    18
2.8551442944985195E-01 a       763     1     4     2    19
-4.9741581744947155E-01 a       764     1     4     2    20
-2.6075303045099033E-02 a       765     1     4     2    21
-6.0401153678626784E-01 a       766     1     4     2    22
-4.4876145621822555E-01 a       767     1     4     2    23
-6.3103914043043663E-02 a       768     1     4     2    24
-1.3066397474278166E-01 a       769     1     5     2     1
-4.8056186623497837E-02 a       770     1     5     2     2
-2.1313784691317850E-01 a       771     1     5     2     3
-9.9802432155245188E-02 a       772     1     5     2     4
-8.3113120529676857E-02 a       773     1     5     2     5
7.6804494083086691E-02 a       774     1     5     2     6
2.1666618313055649E-01 a       775     1     5     2     7
-3.9139380784188693E-01 a       776     1     5     2     8
4.0892939330070176E-02 a       777     1     5     2     9
-8.9645536076825974E-02 a       778     1     5     2    10
-2.3200021984790872E-01 a       779     1     5     2    11
7.6656044881903862E-02 a       780     1     5     2    12
-3.4767888692863452E-01 a       781     1     5     2    13
-1.3784766813640756E-01 a       782     1     5     2    14
1.2215690256620608E-01 a       783     1     5     2    15
2.9958343479053012E-01 a       784     1     5     2    16
2.7845970290941674E-01 a       785     1     5     2    17
-1.9176724485483140E-01 a       786     1     5     2    18
1.1209039827316475E-02 a       787     1     5     2    19
-9.1748953685254167E-02 a       788     1     5     2    20
2.0531754377557268E-01 a       789     1     5     2    21
-1.2410602095632840E-01 a       790     1     5     2    22
1.9404745607907906E-01 a       791     1     5     2    23
5.8607090947713603E-02 a       792     1     5     2    24
-4.0107857007512814E-02 a       793     1     6     2     1
-1.6792987238495055E-01 a       794     1     6     2     2
-1.2225809753900453E-01 a       795     1     6     2     3
5.6171854229946722E-02 a       796     1     6     2     4
-3.7733870858324740E-02 a       797     1     6     2     5
2.5140987794513392E-01 a       798     1     6     2     6
3.5519858077964692E-02 a       799     1     6     2     7
-3.0019103597241227E-02 a       800     1     6     2     8
-4.3482759334709402E-02 a       801     1     6     2     9
2.4955515943902651E-01 a       802     1     6     2    10
-9.5583316539301633E-02 a       803     1     6     2    11
-4.9966216104050282E-01 a       804     1     6     2    12
-2.4680429345763091E-01 a       805     1     6     2    13
1.9250146464481227E-01 a       806     1     6     2    14
-4.4223734077483529E-01 a       807     1     6     2    15
-7.2430606782094550E-02 a       808     1     6     2    16
1.8619643031048000E-01 a       809     1     6     2    17
-1.9074383762527772E-01 a       810     1     6     2    18
3.5997136687655189E-02 a       811     1     6     2    19
-1.8081783707091451E-01 a       812     1     6     2    20
1.4143803966054364E-01 a       813     1     6     2    21
-2.9713038522962654E-01 a       814     1     6     2    22
2.0901482081543760E-01 a       815     1     6     2    23
-3.0166155404137895E-01 a       816     1     6     2    24
4.2004726527160313E-01 a       817     1     7     2     1
-4.2863681210321930E-01 a       818     1     7     2     2
3.6652441458712282E-01 a       819     1     7     2     3
8.5541495470670914E-02 a       820     1     7     2     4
-9.2229512861135732E-02 a       821     1     7     2     5
8.0667200373331505E-01 a       822     1     7     2     6
-4.2425353829083490E-01 a       823     1     7     2     7
-1.9415594135868949E-01 a       824     1     7     2     8
-3.3644093310152196E-01 a       825     1     7     2     9
2.2768509573413054E-01 a       826     1     7     2    10
5.0008798724945092E-01 a       827     1     7     2    11
-1.5528060671322091E-01 a       828     1     7     2    12
-3.2697078002107988E-01 a       829     1     7     2    13
2.3738595762613342E-02 a       830     1     7     2    14
-2.5950758670063689E-01 a       831     1     7     2    15
3.9866861206880999E-01 a       832     1     7     2    16
-1.1216407388436170E-02 a       833     1     7     2    17
-2.7700858385470001E-01 a       834     1     7     2    18
-7.2596059846343361E-02 a       835     1     7     2    19
-7.5653386366674402E-02 a       836     1     7     2    20
1.6715923883513878E-01 a       837     1     7     2    21
1.2990650698720757E-01 a       838     1     7     2    22
1.1189109227583774E-01 a       839     1     7     2    23
-1.3333029072641234E-01 a       840     1     7     2    24
3.0826185944832668E-01 a       841     1     8     2     1
5.4369948637973932E-02 a       842     1     8     2     2
1.1621357312086234E-02 a       843     1     8     2     3
6.4108463418099934E-02 a       844     1     8     2     4
-3.8842146279837964E-01 a       845     1     8     2     5
-7.1783112633897264E-02 a       846     1     8     2     6
-2.1690706607745064E-01 a       847     1     8     2     7
-4.7792656761306418E-01 a       848     1     8     2     8
-2.6834393428100162E-01 a       849     1     8     2     9
2.2246065403958670E-01 a       850     1     8     2    10
-1.6735285350113915E-01 a       851     1     8     2    11
8.5656052072220490E-02 a       852     1     8     2    12
-1.9054869197835272E-01 a       853     1     8     2    13
2.7781675141200990E-01 a       854     1     8     2    14
-5.6557523706299417E-01 a       855     1     8     2    15
-4.9435600991877979E-02 a       856     1     8     2    16
5.3793875530029581E-02 a       857     1     8     2    17
-2.0404612253717061E-01 a       858     1     8     2    18
1.4230621925249001E-01 a       859     1     8     2    19
-3.2067699857569486E-02 a       860     1     8     2    20
3.2395860489214230E-02 a       861     1     8     2    21
-2.9268765695378846E-01 a       862     1     8     2    22
1.2557975269351845E-01 a       863     1     8     2    23
-3.7637739705576750E-01 a       864     1     8     2    24
-3.1989781276226081E-01 a       865     1     9     2     1
4.5627323932023706E-01 a       866     1     9     2     2
-7.9478103787495105E-02 a       867     1     9     2     3
3.0860817274322794E-01 a       868     1     9     2     4
-1.3879325700475448E-01 a       869     1     9     2     5
-2.2850603057707150E-01 a       870     1     9     2     6
2.9460715641957264E-01 a       871     1     9     2     7
2.6798727299027197E-01 a       872     1     9     2     8
-6.1367074704350787E-02 a       873     1     9     2     9
5.1827669829242706E-01 a       874     1     9     2    10
1.8322294779008072E-01 a       875     1     9     2    11
-3.1513607190685061E-01 a       876     1     9     2    12
4.0163547994623683E-01 a       877     1     9     2    13
-1.5298129850831926E-01 a       878     1     9     2    14
-6.6885475911919101E-01 a       879     1     9     2    15
2.2241346064795028E-01 a       880     1     9     2    16
-1.0761298902654692E-01 a       881     1     9     2    17
-6.0218207938219470E-02 a       882     1     9     2    18
2.3028229152466032E-01 a       883     1     9     2    19
-2.9015294736516162E-01 a       884     1     9     2    20
4.9324748846013411E-01 a       885     1     9     2    21
-5.6902669813149509E-01 a       886     1     9     2    22
2.9650547400776944E-01 a       887     1     9     2    23
-1.8572587974833435E-01 a       888     1     9     2    24
7.9837986971128053E-02 a       889     1    10     2     1
-1.6966704978383895E-01 a       890     1    10     2     2
-1.8353790767455233E-02 a       891     1    10     2     3
-1.4255829493768873E-01 a       892     1    10     2     4
1.6921417335817535E-02 a       893     1    10     2     5
-3.1345635265694477E-02 a       894     1    10     2     6
2.2309144859974800E-01 a       895     1    10     2     7
1.3964009613372655E-01 a       896     1    10     2     8
-9.6967036888055219E-02 a       897     1    10     2     9
-1.5670160450779683E-01 a       898     1    10     2    10
-2.7263903330750745E-02 a       899     1    10     2    11
-3.2129454583873457E-01 a       900     1    10     2    12
-5.1862302150448869E-01 a       901     1    10     2    13
1.0431785100436501E-01 a       902     1    10     2    14
1.4493530124448370E-01 a       903     1    10     2    15
1.8477856971474091E-01 a       904     1    10     2    16
-6.2483766640080644E-02 a       905     1    10     2    17
-2.9313243780994541E-01 a       906     1    10     2    18
-3.3448069446003553E-01 a       907     1    10     2    19
5.7908976918349460E-02 a       908     1    10     2    20
-1.3228789421436196E-01 a       909     1    10     2    21
-8.1227140949859736E-02 a       910     1    10     2    22
3.9273961079311798E-01 a       911     1    10     2    23
2.2212514203778932E-01 a       912     1    10     2    24
-2.1770926738421201E-01 a       913     1    11     2     1
-1.8594345666103317E-02 a       914     1    11     2     2
8.7815985035753732E-02 a       915     1    11     2     3
-1.3468372288156555E-01 a       916     1    11     2     4
1.6570657542023894E-02 a       917     1    11     2     5
5.2922303019224326E-01 a       918     1    11     2     6
5.2833056069700228E-02 a       919     1    11     2     7
-1.0956105930544212E-02 a       920     1    11     2     8
-1.2703298909450325E-01 a       921     1    11     2     9
1.2786784446472621E-01 a       922     1    11     2    10
-4.0408582478208521E-01 a       923     1    11     2    11
-3.4576247256733184E-01 a       924     1    11     2    12
1.1296479343839345E-01 a       925     1    11     2    13
-6.7618454407890327E-02 a       926     1    11     2    14
5.8327325722560469E-02 a       927     1    11     2    15
1.1766897569598228E-01 a       928     1    11     2    16
2.3180261087188817E-01 a       929     1    11     2    17
5.6854885127498000E-01 a       930     1    11     2    18
2.6591298549842607E-01 a       931     1    11     2    19
-1.0069195295785792E-01 a       932     1    11     2    20
5.1031422651860592E-01 a       933     1    11     2    21
1.1323213168237826E-01 a       934     1    11     2    22
-8.6459851657256684E-02 a       935     1    11     2    23
3.2207861354483158E-01 a       936     1    11     2    24
-3.4764357903672155E-01 a       937     1    12     2     1
9.1803030570873079E-03 a       938     1    12     2     2
1.6344298940692548E-01 a       939     1    12     2     3
-3.7029890012706301E-01 a       940     1    12     2     4
-2.2741053582599294E-01 a       941     1    12     2     5
-2.3595776609828195E-01 a       942     1    12     2     6
-4.8237472249639653E-02 a       943     1    12     2     7
-1.3430579823503191E-01 a       944     1    12     2     8
-2.0076520532162578E-01 a       945     1    12     2     9
1.7534705077865950E-01 a       946     1    12     2    10
2.1507858403054225E-01 a       947     1    12     2    11
-2.6023516437670846E-01 a       948     1    12     2    12
5.8586282427022929E-01 a       949     1    12     2    13
-1.8166863236086746E-02 a       950     1    12     2    14
-2.8002255145994182E-01 a       951     1    12     2    15
-2.7958343005991321E-01 a       952     1    12     2    16
-3.1713965447664215E-02 a       953     1    12     2    17
-2.6818412518289414E-01 a       954     1    12     2    18
-8.7879938736764562E-01 a       955     1    12     2    19
3.5254046263765881E-01 a       956     1    12     2    20
1.4505634857692137E-01 a       957     1    12     2    21
4.1591920722057092E-02 a       958     1    12     2    22
-1.6913319995741170E-03 a       959     1    12     2    23
2.5662955029043971E-01 a       960     1    12     2    24
3.3378762681628628E-02 a       961     1    13     2     1
5.4981736137003712E-01 a       962     1    13     2     2
-2.0060147942745599E-01 a       963     1    13     2     3
4.3398008181213782E-01 a       964     1    13     2     4
-3.4066544555417536E-02 a       965     1    13     2     5
-2.1952865318915604E-01 a       966     1    13     2     6
-6.3642856889171734E-02 a       967     1    13     2     7
1.5500671167121569E-01 a       968     1    13     2     8
-8.9070456561738995E-02 a       969     1    13     2     9
-5.6984468785573883E-01 a       970     1    13     2    10
1.4830044611118898E-01 a       971     1    13     2    11
1.1409160248701329E-01 a       972     1    13     2    12
4.1360015396670063E-01 a       973     1    13     2    13
3.1499331690759830E-01 a       974     1    13     2    14
2.5253269100150834E-02 a       975     1    13     2    15
-7.9326598638388424E-02 a       976     1    13     2    16
2.1115980071156365E-01 a       977     1    13     2    17
-3.8720145254194199E-01 a       978     1    13     2    18
-4.9842081602744137E-01 a       979     1    13     2    19
-3.9867415217967045E-01 a       980     1    13     2    20
4.2320694092461741E-01 a       981     1    13     2    21
9.1644852963830681E-02 a       982     1    13     2    22
-2.8759236224598983E-01 a       983     1    13     2    23
6.1626421359182455E-02 a       984     1    13     2    24
-5.2436488607643314E-03 a       985     1    14     2     1
5.7800655434076233E-02 a       986     1    14     2     2
-1.5139411591491655E-01 a       987     1    14     2     3
1.8360939295032564E-02 a       988     1    14     2     4
-1.1774156017071778E-01 a       989     1    14     2     5
4.0278630282433656E-03 a       990     1    14     2     6
7.9266945552774901E-02 a       991     1    14     2     7
1.7119721472706420E-01 a       992     1    14     2     8
3.2639867694192796E-02 a       993     1    14     2     9
2.3828823510291486E-01 a       994     1    14     2    10
2.8358930259110376E-01 a       995     1    14     2    11
-6.2510729452614966E-01 a       996     1    14     2    12
3.8346359215096840E-02 a       997     1    14     2    13
-1.8853464286984428E-01 a       998     1    14     2    14
3.0646671814347370E-01 a       999     1    14     2    15
4.1833341631768056E-01 a      1000     1    14     2    16
-2.4558633141005420E-01 a      1001     1    14     2    17
-7.2677412378056216E-01 a      1002     1    14     2    18
8.6015139048778555E-02 a      1003     1    14     2    19
-2.6306148086812398E-01 a      1004     1    14     2    20
2.1549876313836411E-01 a      1005     1    14     2    21
1.2099681334452193E-02 a      1006     1    14     2    22
-2.7440912532008915E-01 a      1007     1    14     2    23
-1.4472484374425107E-01 a      1008     1    14     2    24
-1.1000037055201403E-01 a      1009     1    15     2     1
-6.2377324914733456E-01 a      1010     1    15     2     2
-2.0242325572105130E-01 a      1011     1    15     2     3
-3.4608432740403594E-01 a      1012     1    15     2     4
-1.5716715793935582E-01 a      1013     1    15     2     5
7.3002801944766793E-01 a      1014     1    15     2     6
-4.5053306690302936E-01 a      1015     1    15     2     7
-3.1090927365459953E-01 a      1016     1    15     2     8
1.2369145346911732E-01 a      1017     1    15     2     9
7.4670088012075933E-02 a      1018     1    15     2    10
1.9938893018574341E-01 a      1019     1    15     2    11
1.8991868652099550E-01 a      1020     1    15     2    12
-1.3841048513232460E-01 a      1021     1    15     2    13
-3.9067604190267091E-01 a      1022     1    15     2    14
2.3076177655226868E-01 a      1023     1    15     2    15
-3.8580820349967571E-01 a      1024     1    15     2    16
3.1457676348755992E-01 a      1025     1    15     2    17
3.3019586629095921E-01 a      1026     1    15     2    18
2.1415983059184648E-01 a      1027     1    15     2    19
-1.1791883387421409E-01 a      1028     1    15     2    20
5.5338735246737858E-01 a      1029     1    15     2    21
-2.0463528255002084E-01 a      1030     1    15     2    22
3.3175138273787139E-02 a      1031     1    15     2    23
1.8041829258948003E-01 a      1032     1    15     2    24
-2.7421018136163439E-01 a      1033     1    16     2     1
3.3076212945398736E-01 a      1034     1    16     2     2
-4.6542185964160998E-01 a      1035     1    16     2     3
-6.4189154659939671E-02 a      1036     1    16     2     4
-3.6070871066638935E-02 a      1037     1    16     2     5
-1.4358708878253306E-02 a      1038     1    16     2     6
1.1757443937479006E-01 a      1039     1    16     2     7
2.1959404605481059E-01 a      1040     1    16     2     8
-1.8093540012152703E-01 a      1041     1    16     2     9
-6.0186809653448370E-01 a      1042     1    16     2    10
2.5831723722678217E-02 a      1043     1    16     2    11
-1.5000786650527417E-01 a      1044     1    16     2    12
2.2803132354040606E-01 a      1045     1    16     2    13
1.4398359473735539E-01 a      1046     1    16     2    14
3.7582391146549615E-01 a      1047     1    16     2    15
2.6335922935362582E-01 a      1048     1    16     2    16
5.1962166358367146E-01 a      1049     1    16     2    17
3.6871676241237737E-02 a      1050     1    16     2    18
-8.0664648176916787E-01 a      1051     1    16     2    19
-2.7428546935837905E-01 a      1052     1    16     2    20
1.5985118974515422E-01 a      1053     1    16     2    21
-1.5664306835730712E-01 a      1054     1    16     2    22
-2.6702906835282725E-01 a      1055     1    16     2    23
1.9457600648653048E-01 a      1056     1    16     2    24
-2.4477225155540530E-01 a      1057     1    17     2     1
-3.7595353634251999E-01 a      1058     1    17     2     2
1.2929222892987220E-02 a      1059     1    17     2     3
-1.7898285883211137E-01 a      1060     1    17     2     4
3.0362253789165894E-01 a      1061     1    17     2     5
9.4039064426430716E-02 a      1062     1    17     2     6
9.8934537927492183E-02 a      1063     1    17     2     7
3.6657837915963620E-01 a      1064     1    17     2     8
-2.0185755395428162E-02 a      1065     1    17     2     9
-3.2800830153210275E-01 a      1066     1    17     2    10
8.2794368471334145E-02 a      1067     1    17     2    11
1.0245260427653215E-01 a      1068     1    17     2    12
-2.6798266409540866E-01 a      1069     1    17     2    13
1.6430882235643943E-01 a      1070     1    17     2    14
-8.2801219281899013E-02 a      1071     1    17     2    15
-1.2154832241749210E-01 a      1072     1    17     2    16
-2.0928091769984988E-01 a      1073     1    17     2    17
1.1872454888717555E-01 a      1074     1    17     2    18
-6.6144513233220670E-01 a      1075     1    17     2    19
1.1902584145799248E-01 a      1076     1    17     2    20
4.1318577270709139E-01 a      1077     1    17     2    21
-2.7912280228278585E-01 a      1078     1    17     2    22
1.8659079921375493E-01 a      1079     1    17     2    23
-1.1710298845210561E-01 a      1080     1    17     2    24
1.4487388446346289E-01 a      1081     1    18     2     1
-2.3928025081872344E-02 a      1082     1    18     2     2
7.9109075093771585E-03 a      1083     1    18     2     3
-4.5744926009539923E-02 a      1084     1    18     2     4
2.9008790285193986E-02 a      1085     1    18     2     5
-1.7392760809811483E-01 a      1086     1    18     2     6
-1.9085350695085804E-01 a      1087     1    18     2     7
4.3133231673135369E-01 a      1088     1    18     2     8
-8.6979868683522185E-02 a      1089     1    18     2     9
-1.0397415624960749E-01 a      1090     1    18     2    10
-2.5486430268741204E-02 a      1091     1    18     2    11
-2.2227130513084811E-01 a      1092     1    18     2    12
3.7919604447131894E-01 a      1093     1    18     2    13
3.6471401556636313E-01 a      1094     1    18     2    14
3.4238756844106044E-02 a      1095     1    18     2    15
-2.0028068519080394E-01 a      1096     1    18     2    16
9.1457280506571897E-02 a      1097     1    18     2    17
-1.3059644515304963E-01 a      1098     1    18     2    18
1.7469244498409425E-01 a      1099     1    18     2    19
-2.3028134735307795E-01 a      1100     1    18     2    20
-3.8435130946991142E-01 a      1101     1    18     2    21
2.5226619253565574E-01 a      1102     1    18     2    22
-1.1852925710416520E-01 a      1103     1    18     2    23
1.3470883710398338E-01 a      1104     1    18     2    24
-1.1083962826928581E-01 a      1105     1    19     2     1
-3.6635089042872486E-02 a      1106     1    19     2     2
-2.0890040929470097E-01 a      1107     1    19     2     3
4.1777938332547164E-02 a      1108     1    19     2     4
2.1460029735106589E-01 a      1109     1    19     2     5
-3.8478044185957111E-01 a      1110     1    19     2     6
-3.4358666325302635E-02 a      1111     1    19     2     7
-3.8036538032802630E-01 a      1112     1    19     2     8
-4.2298994073452650E-01 a      1113     1    19     2     9
-4.7386132095788724E-01 a      1114     1    19     2    10
6.4937192097357366E-01 a      1115     1    19     2    11
-1.4733934097000242E-01 a      1116     1    19     2    12
5.7487984238953971E-01 a      1117     1    19     2    13
-3.3088978426292243E-01 a      1118     1    19     2    14
9.8436560073333457E-02 a      1119     1    19     2    15
-1.8052128955968400E-01 a      1120     1    19     2    16
-1.4423287286986156E-01 a      1121     1    19     2    17
1.3104279959790596E-01 a      1122     1    19     2    18
-3.1621682978936572E-01 a      1123     1    19     2    19
-2.9815651254238484E-01 a      1124     1    19     2    20
-4.5572399798467006E-01 a      1125     1    19     2    21
-4.7165120273518574E-01 a      1126     1    19     2    22
3.8056964203354660E-01 a      1127     1    19     2    23
3.0057989407414470E-01 a      1128     1    19     2    24
2.2562776743475277E-01 a      1129     1    20     2     1
-5.7488636234595417E-04 a      1130     1    20     2     2
-2.0119439204406039E-01 a      1131     1    20     2     3
4.1255443717049228E-01 a      1132     1    20     2     4
8.7365960838957937E-02 a      1133     1    20     2     5
1.0752399366041945E-01 a      1134     1    20     2     6
-2.5084363889204558E-01 a      1135     1    20     2     7
5.7632702593180728E-02 a      1136     1    20     2     8
3.8064865159063738E-01 a      1137     1    20     2     9
2.0870612254482029E-01 a      1138     1    20     2    10
-2.3912349844858002E-01 a      1139     1    20     2    11
-1.9068098231619057E-01 a      1140     1    20     2    12
-2.8582561761406983E-01 a      1141     1    20     2    13
-1.8583237449575166E-01 a      1142     1    20     2    14
2.6068397464627819E-02 a      1143     1    20     2    15
1.0111439403863683E-01 a      1144     1    20     2    16
1.0074416874542859E-01 a      1145     1    20     2    17
5.4498465450681807E-02 a      1146     1    20     2    18
3.3255513846985102E-01 a      1147     1    20     2    19
2.6174962748489933E-02 a      1148     1    20     2    20
-5.0053124748957978E-01 a      1149     1    20     2    21
-6.5782844268184670E-01 a      1150     1    20     2    22
-5.2127378154508630E-01 a      1151     1    20     2    23
-1.6413494549350979E-01 a      1152     1    20     2    24
-2.9319713050531554E-01 a      1153     1    21     2     1
5.1196647517496446E-03 a      1154     1    21     2     2
1.0644295230039119E-01 a      1155     1    21     2     3
3.0028552005726816E-01 a      1156     1    21     2     4
1.7629562374646185E-01 a      1157     1    21     2     5
-1.0974442121527891E-01 a      1158     1    21     2     6
-1.6910288748921432E-01 a      1159     1    21     2     7
-1.5302278731507149E-02 a      1160     1    21     2     8
9.7513729211492081E-02 a      1161     1    21     2     9
-4.9449725942529305E-01 a      1162     1    21     2    10
-3.2228604308181535E-01 a      1163     1    21     2    11
2.4819709561791908E-01 a      1164     1    21     2    12
-4.7850115765133416E-01 a      1165     1    21     2    13
-4.1409065164436054E-01 a      1166     1    21     2    14
1.0029102913690732E-01 a      1167     1    21     2    15
2.1031897244354492E-01 a      1168     1    21     2    16
-1.5039371431216425E-01 a      1169     1    21     2    17
-1.8288585311733460E-01 a      1170     1    21     2    18
1.8648516130108345E-01 a      1171     1    21     2    19
2.4793897558970861E-02 a      1172     1    21     2    20
1.7694774455934895E-01 a      1173     1    21     2    21
-4.2259302952966060E-01 a      1174     1    21     2    22
-2.0276987013769211E-02 a      1175     1    21     2    23
8.4025340107608315E-02 a      1176     1    21     2    24
-1.2464352841838808E-01 a      1177     1    22     2     1
2.1361355580142144E-01 a      1178     1    22     2     2
1.0611797512799660E-01 a      1179     1    22     2     3
-1.2329961272013627E-01 a      1180     1    22     2     4
-7.0260216104077997E-02 a      1181     1    22     2     5
-2.7475314114994176E-01 a      1182     1    22     2     6
-2.8781869051983161E-01 a      1183     1    22     2     7
4.0222879930999378E-01 a      1184     1    22     2     8
2.0498755656214540E-01 a      1185     1    22     2     9
-1.1451743944864598E-01 a      1186     1    22     2    10
4.1409770229557585E-01 a      1187     1    22     2    11
-1.0388696841107105E-01 a      1188     1    22     2    12
-2.4228493993991174E-01 a      1189     1    22     2    13
1.9681203118966586E-01 a      1190     1    22     2    14
-4.6263252075834743E-01 a      1191     1    22     2    15
-1.1082012620297478E-01 a      1192     1    22     2    16
2.3294132505158202E-01 a      1193     1    22     2    17
-2.3297705188899931E-01 a      1194     1    22     2    18
-2.9903058319145803E-01 a      1195     1    22     2    19
2.5153468452161792E-01 a      1196     1    22     2    20
2.4870657385987388E-01 a      1197     1    22     2    21
4.9320791450993101E-01 a      1198     1    22     2    22
1.3291901115612298E-01 a      1199     1    22     2    23
4.6077565744353444E-01 a      1200     1    22     2    24
-1.4961098821255744E-01 a      1201     1    23     2     1
-2.7505303306105922E-01 a      1202     1    23     2     2
8.2655540499820532E-02 a      1203     1    23     2     3
9.6060542670784732E-02 a      1204     1    23     2     4
-2.1250764238527323E-01 a      1205     1    23     2     5
4.4669075396030024E-02 a      1206     1    23     2     6
-2.1282154635530129E-01 a      1207     1    23     2     7
5.9280895357840591E-02 a      1208     1    23     2     8
-1.1529216386442397E-01 a      1209     1    23     2     9
3.0832936976671121E-01 a      1210     1    23     2    10
-3.6449739543997839E-01 a      1211     1    23     2    11
-8.4847023776288485E-02 a      1212     1    23     2    12
-1.5405688787689428E-01 a      1213     1    23     2    13
2.2451586354148143E-01 a      1214     1    23     2    14
1.1882907159030098E-02 a      1215     1    23     2    15
2.1941585644263945E-01 a      1216     1    23     2    16
-5.0190442247933087E-01 a      1217     1    23     2    17
1.7371232595766914E-01 a      1218     1    23     2    18
4.3403553079429363E-01 a      1219     1    23     2    19
1.3894364215428498E-01 a      1220     1    23     2    20
4.1324421513327997E-01 a      1221     1    23     2    21
5.7082955535933977E-01 a      1222     1    23     2    22
1.9410990777623804E-01 a      1223     1    23     2    23
-4.4087844295645537E-02 a      1224     1    23     2    24
6.2313042638108374E-01 a      1225     1    24     2     1
2.8518281433657577E-01 a      1226     1    24     2     2
4.2626030112901475E-01 a      1227     1    24     2     3
1.5355167591195899E-02 a      1228     1    24     2     4
1.9742296399943052E-01 a      1229     1    24     2     5
3.0345594553658517E-01 a      1230     1    24     2     6
-2.9962673454177347E-01 a      1231     1    24     2     7
-1.6764936681362663E-01 a      1232     1    24     2     8
-2.4230651928967242E-01 a      1233     1    24     2     9
3.7625546821058431E-01 a      1234     1    24     2    10
-1.1133049393092079E-01 a      1235     1    24     2    11
2.9900342563082161E-01 a      1236     1    24     2    12
-3.4818212076016941E-01 a      1237     1    24     2    13
4.1233550065625746E-01 a      1238     1    24     2    14
6.4654498631877319E-02 a      1239     1    24     2    15
1.4461675108880867E-01 a      1240     1    24     2    16
6.1560528676827507E-02 a      1241     1    24     2    17
5.5077770700011575E-01 a      1242     1    24     2    18
-2.7796932084532633E-01 a      1243     1    24     2    19
3.9023062047632845E-01 a      1244     1    24     2    20
-1.7601870899808791E-01 a      1245     1    24     2    21
-4.7997875493220410E-01 a      1246     1    24     2    22
-3.4698611182514294E-01 a      1247     1    24     2    23
1.7656703069273444E-01 a      1248     1    24     2    24
-6.0118106361301313E-05 b      1249     2     1
2.9036929283963325E-01 b      1250     2     2
1.7082150216674274E-01 b      1251     2     3
-2.2451731188562562E-04 b      1252     2     4
1.1962715488589028E-01 b      1253     2     5
2.7640575226546937E-01 b      1254     2     6
2.0123974741999237E-01 b      1255     2     7
7.2703508267742037E-02 b      1256     2     8
1.3031937355572812E-01 b      1257     2     9
-3.9988945863095628E-02 b      1258     2    10
-5.6542932696644094E-02 b      1259     2    11
1.6251121920807798E-01 b      1260     2    12
-1.0931233138962905E-01 b      1261     2    13
-1.6531039657686406E-02 b      1262     2    14
3.5298644022769010E-01 b      1263     2    15
5.5317567442213493E-02 b      1264     2    16
2.6741239578700102E-02 b      1265     2    17
3.3038495831133136E-01 b      1266     2    18
-1.2952257425279223E-01 b      1267     2    19
-2.7418647997122403E-01 b      1268     2    20
-3.2706141115904191E-01 b      1269     2    21
-4.6952593953487337E-01 b      1270     2    22
-1.1925197472042756E-01 b      1271     2    23
-5.7621147074368891E-02 b      1272     2    24
-6.9669170062673558E-01 a      1273     2     1     3     1
8.8098364641352489E-01 a      1274     2     2     3     1
-7.2799639177310482E-01 a      1275     2     3     3     1
1.5513842167861247E-01 a      1276     2     4     3     1
-6.0108563508459845E-01 a      1277     2     5     3     1
2.2717041241828828E-01 a      1278     2     6     3     1
4.4121231678412720E-01 a      1279     2     7     3     1
-6.7628323799200407E-01 a      1280     2     8     3     1
2.0229107897984325E-02 a      1281     2     9     3     1
7.3841342969639012E-01 a      1282     2    10     3     1
-3.2216028170771854E-01 a      1283     2    11     3     1
2.3542746237047543E-01 a      1284     2    12     3     1
-6.3619127596341762E-01 a      1285     2    13     3     1
-4.8432983670892593E-01 a      1286     2    14     3     1
-2.2945575254107717E-01 a      1287     2    15     3     1
-1.4230291375727244E-01 a      1288     2    16     3     1
-6.1069297668806444E-01 a      1289     2    17     3     1
7.8596334336136853E-01 a      1290     2    18     3     1
-3.3486897196387888E-01 a      1291     2    19     3     1
-7.7698667506942432E-01 a      1292     2    20     3     1
-1.6107965141813851E-01 a      1293     2    21     3     1
3.5151454403910176E-01 a      1294     2    22     3     1
2.5893435959650064E-02 a      1295     2    23     3     1
2.5535619673594377E-02 a      1296     2    24     3     1
-9.8022491344613133E-02 b      1297     3     1