-3.2644285988723976E-01 a         1     0     1     1     1
-1.3859789384761415E-01 a         2     0     1     1     2
4.7741015629391120E-01 a         3     0     1     1     3
-2.5483204771763013E-01 a         4     0     1     1     4
-3.3614416920450207E-01 a         5     0     2     1     1
-5.1833327778758709E-01 a         6     0     2     1     2
2.0029999678559210E-01 a         7     0     2     1     3
-6.0322548786247454E-01 a         8     0     2     1     4
4.0885945343854133E-02 a         9     0     3     1     1
8.4851932809271072E-02 a        10     0     3     1     2
-1.3880551870327215E-01 a        11     0     3     1     3
2.1410771115957994E-01 a        12     0     3     1     4
7.7435390437954471E-02 a        13     0     4     1     1
-3.0187546665797871E-01 a        14     0     4     1     2
-2.1580223270979304E-01 a        15     0     4     1     3
2.7010205593882736E-01 a        16     0     4     1     4
-2.1037994054642248E-01 a        17     0     5     1     1
-4.5243279743487887E-02 a        18     0     5     1     2
-2.1745961900050051E-01 a        19     0     5     1     3
2.3657190001727335E-01 a        20     0     5     1     4
-2.6888409163767574E-01 a        21     0     6     1     1
2.2097477914498034E-01 a        22     0     6     1     2
-1.1381196473560756E-02 a        23     0     6     1     3
-9.8648690176727460E-01 a        24     0     6     1     4
2.4104636630546111E-01 a        25     0     7     1     1
-3.6036829605959730E-01 a        26     0     7     1     2
-5.1900945264093690E-01 a        27     0     7     1     3
2.3218337440657041E-01 a        28     0     7     1     4
2.6084513178457092E-01 a        29     0     8     1     1
3.9419031020763613E-02 a        30     0     8     1     2
1.8512142492163799E-01 a        31     0     8     1     3
-3.6830454651675898E-01 a        32     0     8     1     4
-9.6106662029629600E-02 a        33     0     9     1     1
1.1242809935918946E-01 a        34     0     9     1     2
1.6045989363203966E-01 a        35     0     9     1     3
-2.5149165275761065E-01 a        36     0     9     1     4
-3.1956324506369854E-01 a        37     0    10     1     1
-6.4745972092204718E-01 a        38     0    10     1     2
-2.1128748541421694E-01 a        39     0    10     1     3
5.8448886377279952E-01 a        40     0    10     1     4
-2.2256018673235442E-01 a        41     0    11     1     1
-1.7204273865365807E-01 a        42     0    11     1     2
-9.5093000912489498E-02 a        43     0    11     1     3
2.9468395757310567E-01 a        44     0    11     1     4
2.4981084537149426E-01 a        45     0    12     1     1
-1.8220749986826709E-01 a        46     0    12     1     2
-4.0652385357470311E-01 a        47     0    12     1     3
1.7837735085264628E-01 a        48     0    12     1     4
6.0321016117668980E-01 a        49     0    13     1     1
-1.5315131153964334E-01 a        50     0    13     1     2
-5.7664677013429821E-01 a        51     0    13     1     3
-7.4509500438586326E-02 a        52     0    13     1     4
2.4190663706897156E-01 a        53     0    14     1     1
2.9094602149715137E-01 a        54     0    14     1     2
-1.8182428044056220E-01 a        55     0    14     1     3
1.4824214396058813E-01 a        56     0    14     1     4
6.1861737834146868E-01 a        57     0    15     1     1
1.8399333917315533E-01 a        58     0    15     1     2
-3.7329343164159245E-01 a        59     0    15     1     3
1.6465564425984183E+00 a        60     0    15     1     4
-1.4698583563463898E+00 a        61     0    16     1     1
6.7605182582911905E-01 a        62     0    16     1     2
7.8238523507513247E-01 a        63     0    16     1     3
-5.8359183643764086E-02 a        64     0    16     1     4
-1.1346064870331458E-01 a        65     0    17     1     1
2.9408774888700941E-02 a        66     0    17     1     2
1.5936619548025813E-01 a        67     0    17     1     3
-1.0598732508880994E-01 a        68     0    17     1     4
1.3507164191698992E-01 a        69     0    18     1     1
4.5808346864949218E-01 a        70     0    18     1     2
-5.0471513961003238E-02 a        71     0    18     1     3
-4.6224103436363201E-01 a        72     0    18     1     4
2.2065661952440338E-01 a        73     0    19     1     1
-3.2453893487934454E-01 a        74     0    19     1     2
-2.6436416262341939E-01 a        75     0    19     1     3
-8.7164247041938581E-01 a        76     0    19     1     4
-3.3235828467350775E-01 a        77     0    20     1     1
-4.5987168022618075E-01 a        78     0    20     1     2
4.4217113832216071E-01 a        79     0    20     1     3
-5.4448962600329748E-02 a        80     0    20     1     4
-2.9442025627473284E-01 a        81     0    21     1     1
-3.0698361632904098E-01 a        82     0    21     1     2
-4.2928252103162617E-01 a        83     0    21     1     3
-6.3744757470540436E-01 a        84     0    21     1     4
-2.3202670436092787E-01 a        85     0    22     1     1
4.6972614148060615E-01 a        86     0    22     1     2
-9.2727469898093579E-02 a        87     0    22     1     3
7.8486273374166790E-02 a        88     0    22     1     4
5.5290404183134423E-01 a        89     0    23     1     1
-1.0848628932142290E-01 a        90     0    23     1     2
4.1378055245597123E-01 a        91     0    23     1     3
-1.1047883183193721E+00 a        92     0    23     1     4
1.1618190025246831E+00 a        93     0    24     1     1
4.9476247020139058E-01 a        94     0    24     1     2
-1.4158674996159346E-01 a        95     0    24     1     3
5.9615188011377315E-02 a        96     0    24     1     4
2.8645555168876652E-01 a        97     0    25     1     1
-9.2742793217026914E-02 a        98     0    25     1     2
8.9766437029635515E-01 a        99     0    25     1     3
-1.1263729219206404E+00 a       100     0    25     1     4
-3.5412729503235518E-01 a       101     0    26     1     1
-5.4530670829505568E-01 a       102     0    26     1     2
3.3178845889364740E-02 a       103     0    26     1     3
-6.0609421345380311E-02 a       104     0    26     1     4
-2.2630659611705436E-01 a       105     0    27     1     1
-4.5634817615048096E-01 a       106     0    27     1     2
-1.7790866028097790E-02 a       107     0    27     1     3
-8.7758968425358708E-01 a       108     0    27     1     4
1.3421292918805878E+00 a       109     0    28     1     1
1.4501953623447854E+00 a       110     0    28     1     2
-3.4843014962522306E-01 a       111     0    28     1     3
7.6955522882913019E-01 a       112     0    28     1     4
-3.8678037408213667E-01 b       113     1     1
3.9436298513488782E-01 b       114     1     2
-2.6133032269816642E-01 b       115     1     3
-4.1101751910384920E-01 b       116     1     4
-7.3534204398996883E-01 a       117     1     1     2     1
-2.1304334541512698E-01 a       118     1     1     2     2
4.1589124603054006E-01 a       119     1     1     2     3
-8.6173451018820202E-01 a       120     1     1     2     4
-4.4590107210543455E-02 a       121     1     2     2     1
4.2429078868038267E-01 a       122     1     2     2     2
-4.0534192757490156E-01 a       123     1     2     2     3
5.3072133782539888E-01 a       124     1     2     2     4
-1.5039105255907872E-02 a       125     1     3     2     1
-5.9179918779280183E-01 a       126     1     3     2     2
3.7761556928574935E-01 a       127     1     3     2     3
6.9503747938510435E-03 a       128     1     3     2     4
-9.3556279906381146E-01 a       129     1     4     2     1
6.2841685972077899E-01 a       130     1     4     2     2
4.2065001134735430E-01 a       131     1     4     2     3
-4.3798852251171116E-01 a       132     1     4     2     4
-1.0277879197808721E+00 b       133     2     1
1.4057849956956839E-01 b       134     2     2
-7.0737759959419355E-01 b       135     2     3
4.8392416195353866E-01 b       136     2     4
-8.2567407863014530E-01 a       137     2     1     3     1
-5.9025927577641346E-01 a       138     2     2     3     1
-7.2650541942181435E-01 a       139     2     3     3     1
1.0536643230959652E+00 a       140     2     4     3     1
9.7176714609376369E-01 b       141     3     1
