2.6405245223422382E-02 a         1     0     1     1     1
-1.5296732921764927E-01 a         2     0     1     1     2
3.3033058496003309E-01 a         3     0     1     1     3
2.1428120842569495E-02 a         4     0     1     1     4
4.4701623179912670E-01 a         5     0     1     1     5
1.6402475512478706E-01 a         6     0     1     1     6
-3.7781840599850847E-01 a         7     0     1     1     7
8.5566289635570003E-02 a         8     0     1     1     8
9.2326757509973462E-02 a         9     0     1     1     9
-5.6963666265853130E-01 a        10     0     1     1    10
-1.4904469856198405E-01 a        11     0     1     1    11
-1.0836115636743281E-01 a        12     0     1     1    12
3.2479443257334562E-01 a        13     0     1     1    13
-4.5282441075377589E-01 a        14     0     1     1    14
-2.4865475041728161E-01 a        15     0     1     1    15
-5.6693519673948763E-02 a        16     0     1     1    16
-5.6813678837349868E-01 a        17     0     1     1    17
-3.3620732017027788E-01 a        18     0     1     1    18
-3.4974406280739490E-01 a        19     0     1     1    19
3.1711454371693976E-01 a        20     0     1     1    20
6.4885462737192950E-02 a        21     0     1     1    21
-1.6374279385411067E-01 a        22     0     1     1    22
-8.4683231434963147E-02 a        23     0     1     1    23
-1.5262134721450224E-02 a        24     0     1     1    24
-1.5696915900963396E-01 a        25     0     2     1     1
-8.0045016888180040E-02 a        26     0     2     1     2
-2.3830879741191982E-01 a        27     0     2     1     3
-2.9469774306172236E-01 a        28     0     2     1     4
-2.8561326441219576E-01 a        29     0     2     1     5
3.5561541712555694E-01 a        30     0     2     1     6
5.4718206808542946E-01 a        31     0     2     1     7
-3.5211327886985039E-01 a        32     0     2     1     8
-4.6835565283966696E-01 a        33     0     2     1     9
-1.8616628175350633E-01 a        34     0     2     1    10
-2.2068612794657397E-01 a        35     0     2     1    11
-1.1224149490882182E-01 a        36     0     2     1    12
-6.8478812497198352E-02 a        37     0     2     1    13
2.0487967131164878E-01 a        38     0     2     1    14
-5.0542106277738010E-02 a        39     0     2     1    15
8.3500914417971819E-02 a        40     0     2     1    16
2.6863313517421815E-03 a        41     0     2     1    17
8.3004505294760456E-01 a        42     0     2     1    18
3.5846964315461374E-03 a        43     0     2     1    19
5.3374269586192083E-02 a        44     0     2     1    20
9.5930799292377411E-02 a        45     0     2     1    21
6.3580794551023534E-01 a        46     0     2     1    22
-3.7229798118160984E-01 a        47     0     2     1    23
1.2058107256095668E-01 a        48     0     2     1    24
5.6065860637328831E-02 a        49     0     3     1     1
-3.7090295365105275E-01 a        50     0     3     1     2
2.0763884108202033E-01 a        51     0     3     1     3
-1.5273509733545609E-01 a        52     0     3     1     4
3.4039143783672687E-01 a        53     0     3     1     5
-4.2801658672398595E-02 a        54     0     3     1     6
-3.6348074481766174E-01 a        55     0     3     1     7
4.2741028271901388E-01 a        56     0     3     1     8
4.6449347750650521E-01 a        57     0     3     1     9
9.7598571936716214E-02 a        58     0     3     1    10
6.4275695137249428E-02 a        59     0     3     1    11
3.8504606853068901E-01 a        60     0     3     1    12
-3.3257387163709412E-01 a        61     0     3     1    13
-1.0521153195294518E-01 a        62     0     3     1    14
1.2983283668121484E-01 a        63     0     3     1    15
-2.8668463214018575E-01 a        64     0     3     1    16
5.1277303805185290E-02 a        65     0     3     1    17
-5.5394488790486612E-02 a        66     0     3     1    18
-2.6806761155386299E-01 a        67     0     3     1    19
2.0942450368534310E-01 a        68     0     3     1    20
-1.6895004329854368E-01 a        69     0     3     1    21
6.0537925010141012E-02 a        70     0     3     1    22
4.4246525799761993E-01 a        71     0     3     1    23
-1.0435575335891195E-01 a        72     0     3     1    24
3.8527871347864340E-01 a        73     0     4     1     1
-3.9490312193701455E-01 a        74     0     4     1     2
-4.4737449944571833E-01 a        75     0     4     1     3
-1.3627823567848296E-01 a        76     0     4     1     4
-4.1137161313354426E-01 a        77     0     4     1     5
-1.5411774778614465E-01 a        78     0     4     1     6
3.1563248387981668E-01 a        79     0     4     1     7
-3.1702087066923579E-01 a        80     0     4     1     8
-4.4444231508131021E-01 a        81     0     4     1     9
3.4529979165073249E-02 a        82     0     4     1    10
-3.8828294557190318E-01 a        83     0     4     1    11
2.3530253104146266E-02 a        84     0     4     1    12
-1.4329366873236346E-01 a        85     0     4     1    13
1.4316597840094625E-01 a        86     0     4     1    14
-4.0137679361999079E-02 a        87     0     4     1    15
3.7031027090649021E-01 a        88     0     4     1    16
4.1696852953735303E-01 a        89     0     4     1    17
-1.5101960035832040E-02 a        90     0     4     1    18
2.7279616527558720E-01 a        91     0     4     1    19
-3.8442999446017767E-01 a        92     0     4     1    20
3.2826518024378643E-01 a        93     0     4     1    21
-6.2347390405921028E-02 a        94     0     4     1    22
-3.1300595754331317E-01 a        95     0     4     1    23
-1.3332293681519966E-01 a        96     0     4     1    24
2.4675140349624619E-01 a        97     0     5     1     1
3.4437288992982351E-01 a        98     0     5     1     2
2.5751590655484319E-01 a        99     0     5     1     3
1.0247093109053640E-01 a       100     0     5     1     4
1.1179356982186915E-01 a       101     0     5     1     5
-2.9014970679566354E-01 a       102     0     5     1     6
-1.0530678468724328E-01 a       103     0     5     1     7
-7.7376741802447122E-02 a       104     0     5     1     8
4.2507478002294730E-01 a       105     0     5     1     9
-1.1335440556225931E-01 a       106     0     5     1    10
2.0930086276770787E-01 a       107     0     5     1    11
-2.2982084148202889E-01 a       108     0     5     1    12
3.2386688383062845E-01 a       109     0     5     1    13
-1.7920709128350745E-01 a       110     0     5     1    14
-2.8228320740116181E-01 a       111     0     5     1    15
-1.1714433461348692E-01 a       112     0     5     1    16
-4.0935019800703792E-01 a       113     0     5     1    17
-1.8268957248332973E-01 a       114     0     5     1    18
-3.8291693024228335E-01 a       115     0     5     1    19
-2.4468002217126072E-01 a       116     0     5     1    20
-3.6229868839200992E-02 a       117     0     5     1    21
-3.2702218399070149E-01 a       118     0     5     1    22
1.5455187527620726E-01 a       119     0     5     1    23
-1.7567214763261590E-01 a       120     0     5     1    24
-1.1396852513860956E-02 a       121     0     6     1     1
-1.4141425488420054E-01 a       122     0     6     1     2
-1.8410154952211416E-01 a       123     0     6     1     3
5.0410096404045213E-01 a       124     0     6     1     4
1.6105437847025936E-01 a       125     0     6     1     5
-8.0374110695235659E-02 a       126     0     6     1     6
-1.2268292322269275E-01 a       127     0     6     1     7
-2.9192855430540926E-01 a       128     0     6     1     8
-4.8439951750728689E-02 a       129     0     6     1     9
2.5639045849337838E-01 a       130     0     6     1    10
4.6558517057913518E-01 a       131     0     6     1    11
-2.3443014660129788E-01 a       132     0     6     1    12
-3.0306007908261361E-02 a       133     0     6     1    13
-3.2072509921400560E-01 a       134     0     6     1    14
3.3098929580618131E-01 a       135     0     6     1    15
2.2316622841344927E-01 a       136     0     6     1    16
-3.8199083903795378E-01 a       137     0     6     1    17
-2.1789033514908479E-01 a       138     0     6     1    18
-2.3922068055236480E-02 a       139     0     6     1    19
2.8168070320646460E-01 a       140     0     6     1    20
-1.8143573301935392E-01 a       141     0     6     1    21
-6.5880017969404503E-01 a       142     0     6     1    22
1.8854795665699525E-01 a       143     0     6     1    23
-3.8425616297018783E-01 a       144     0     6     1    24
1.4541907970736838E-02 a       145     0     7     1     1
-7.8481483116986828E-02 a       146     0     7     1     2
5.2536668294870448E-01 a       147     0     7     1     3
1.4740649638093534E-01 a       148     0     7     1     4
1.9873031161758856E-01 a       149     0     7     1     5
-1.1535908733881763E-01 a       150     0     7     1     6
-2.9530819762815946E-01 a       151     0     7     1     7
-3.6118227579931668E-02 a       152     0     7     1     8
6.5956427123228578E-01 a       153     0     7     1     9
-1.3193523658191911E-01 a       154     0     7     1    10
1.8687512202282242E-01 a       155     0     7     1    11
-1.3507050314486085E-01 a       156     0     7     1    12
-1.0005994210799134E-01 a       157     0     7     1    13
-5.6148805953974326E-02 a       158     0     7     1    14
-2.5813548724676338E-01 a       159     0     7     1    15
3.2148856475663778E-01 a       160     0     7     1    16
-5.0091704673213566E-01 a       161     0     7     1    17
-6.8258918826243009E-01 a       162     0     7     1    18
-1.2123496992839383E-01 a       163     0     7     1    19
3.9764518716345440E-02 a       164     0     7     1    20
-1.7011427040769686E-01 a       165     0     7     1    21
1.8362687812245242E-02 a       166     0     7     1    22
5.3215482057275110E-01 a       167     0     7     1    23
-2.2655873512844618E-01 a       168     0     7     1    24
6.3917028990215660E-02 a       169     0     8     1     1
-8.5318897354296999E-02 a       170     0     8     1     2
9.3447965313039200E-02 a       171     0     8     1     3
-6.6223492563795172E-02 a       172     0     8     1     4
1.8838127742550614E-01 a       173     0     8     1     5
1.0591006040410182E-01 a       174     0     8     1     6
1.9672883976315519E-01 a       175     0     8     1     7
6.7301677074010219E-02 a       176     0     8     1     8
2.9402546284823855E-01 a       177     0     8     1     9
4.0450485943658299E-01 a       178     0     8     1    10
-2.3864639588744596E-01 a       179     0     8     1    11
-7.7289405760173222E-02 a       180     0     8     1    12
2.3214411463992535E-01 a       181     0     8     1    13
4.1384633339233458E-02 a       182     0     8     1    14
1.2920184672370741E-01 a       183     0     8     1    15
2.2811985395241244E-01 a       184     0     8     1    16
-1.4111414535074018E-01 a       185     0     8     1    17
-7.0056558706361821E-02 a       186     0     8     1    18
-8.9953478042215748E-02 a       187     0     8     1    19
-2.7533873037724427E-01 a       188     0     8     1    20
-5.0771200457536310E-03 a       189     0     8     1    21
3.1913742132396844E-01 a       190     0     8     1    22
-9.8116828012683927E-02 a       191     0     8     1    23
6.5508424749295843E-02 a       192     0     8     1    24
4.7629555777032262E-01 a       193     0     9     1     1
4.9694409520789427E-02 a       194     0     9     1     2
-3.3671814268559430E-01 a       195     0     9     1     3
-3.6398766696637330E-01 a       196     0     9     1     4
-3.8056900777464520E-01 a       197     0     9     1     5
1.4489396997732731E-01 a       198     0     9     1     6
3.5866286854526958E-01 a       199     0     9     1     7
-8.5004696954401340E-02 a       200     0     9     1     8
9.3759067906172888E-02 a       201     0     9     1     9
1.9887044215370978E-01 a       202     0     9     1    10
7.0141713399284891E-02 a       203     0     9     1    11
3.4440065021113386E-01 a       204     0     9     1    12
-1.5389567052630812E-01 a       205     0     9     1    13
3.1213158004183206E-01 a       206     0     9     1    14
6.0689155184532079E-02 a       207     0     9     1    15
3.0160336121885140E-02 a       208     0     9     1    16
1.5675651978644053E-01 a       209     0     9     1    17
9.6333377488834360E-01 a       210     0     9     1    18
8.5822409063107397E-02 a       211     0     9     1    19
2.6194274209055490E-01 a       212     0     9     1    20
9.1900345042247589E-03 a       213     0     9     1    21
2.0545142655075482E-01 a       214     0     9     1    22
-4.0852657690315469E-01 a       215     0     9     1    23
8.1443237856472950E-02 a       216     0     9     1    24
2.6529790260663766E-01 a       217     0    10     1     1
-2.8125873740595342E-01 a       218     0    10     1     2
7.0316445090782926E-03 a       219     0    10     1     3
-2.0003534991642810E-01 a       220     0    10     1     4
-6.1737692459907886E-02 a       221     0    10     1     5
-2.0393633395236010E-01 a       222     0    10     1     6
-8.9408502639381507E-02 a       223     0    10     1     7
1.4304728392555047E-01 a       224     0    10     1     8
2.4279281406019987E-01 a       225     0    10     1     9
-1.1027415257851897E-01 a       226     0    10     1    10
1.5511771183895906E-01 a       227     0    10     1    11
1.5544909634329518E-01 a       228     0    10     1    12
-2.7933345539629791E-02 a       229     0    10     1    13
2.9107208382490923E-01 a       230     0    10     1    14
-1.5748008984508083E-01 a       231     0    10     1    15
2.3965994101651342E-01 a       232     0    10     1    16
-1.2373129874680392E-02 a       233     0    10     1    17
2.4503202763254761E-01 a       234     0    10     1    18
-9.4286564571771786E-02 a       235     0    10     1    19
-1.2273040115006610E-01 a       236     0    10     1    20
1.8003900257072558E-01 a       237     0    10     1    21
8.8609951702489531E-02 a       238     0    10     1    22
4.8228796568701798E-01 a       239     0    10     1    23
2.4434471310751013E-01 a       240     0    10     1    24
4.4795092051873167E-02 a       241     0    11     1     1
1.5527696219577808E-01 a       242     0    11     1     2
-2.0946962353920043E-01 a       243     0    11     1     3
-6.3874370726084387E-02 a       244     0    11     1     4
-8.5340451543911913E-02 a       245     0    11     1     5
7.1145894432366422E-02 a       246     0    11     1     6
-1.5963140661909819E-01 a       247     0    11     1     7
2.0169153219667704E-01 a       248     0    11     1     8
-1.5140965870439399E-01 a       249     0    11     1     9
-9.3565954626216336E-02 a       250     0    11     1    10
-3.1234335587678679E-02 a       251     0    11     1    11
-4.9088629885304082E-02 a       252     0    11     1    12
1.2350224587658720E-02 a       253     0    11     1    13
-3.0977717169833086E-01 a       254     0    11     1    14
-1.6081199615679298E-01 a       255     0    11     1    15
-3.1395270028281275E-01 a       256     0    11     1    16
-9.6024192421917412E-02 a       257     0    11     1    17
1.1056198577996103E-01 a       258     0    11     1    18
3.7840997816362340E-02 a       259     0    11     1    19
-7.5464301522461169E-02 a       260     0    11     1    20
1.0637084077869328E-01 a       261     0    11     1    21
-2.2912206615490674E-01 a       262     0    11     1    22
-1.8255745104358848E-01 a       263     0    11     1    23
2.9659239341048377E-01 a       264     0    11     1    24
4.8329967901018023E-01 a       265     0    12     1     1
7.3107226706436504E-02 a       266     0    12     1     2
-3.7588965391657431E-01 a       267     0    12     1     3
-4.1163492943001073E-01 a       268     0    12     1     4
2.6656158570477807E-02 a       269     0    12     1     5
1.9989467142342798E-01 a       270     0    12     1     6
-9.7846224235891482E-02 a       271     0    12     1     7
3.8449088021255844E-02 a       272     0    12     1     8
-7.9102126189329069E-01 a       273     0    12     1     9
2.2929234102367119E-01 a       274     0    12     1    10
-2.6613637024784198E-01 a       275     0    12     1    11
-8.9306864554693277E-02 a       276     0    12     1    12
9.4691744227849053E-02 a       277     0    12     1    13
5.7572205040444879E-01 a       278     0    12     1    14
-4.8936230334988347E-02 a       279     0    12     1    15
-2.9449669769986397E-01 a       280     0    12     1    16
3.3851984730557350E-01 a       281     0    12     1    17
6.4275596150228842E-01 a       282     0    12     1    18
1.8856858038428437E-01 a       283     0    12     1    19
1.0427617561268604E-01 a       284     0    12     1    20
3.7987794079233161E-01 a       285     0    12     1    21
2.2501690643101074E-01 a       286     0    12     1    22
-3.9514333750768355E-01 a       287     0    12     1    23
-1.7349805498046611E-01 a       288     0    12     1    24
-4.4021696047239205E-02 a       289     0    13     1     1
3.7788864206419853E-01 a       290     0    13     1     2
-2.6593589117798361E-01 a       291     0    13     1     3
2.8784999007700046E-01 a       292     0    13     1     4
3.4446053587505715E-01 a       293     0    13     1     5
7.2218176669855569E-02 a       294     0    13     1     6
1.0073648681649384E-01 a       295     0    13     1     7
1.2247899715785329E-01 a       296     0    13     1     8
-2.5846506502415023E-01 a       297     0    13     1     9
8.8498412722300079E-02 a       298     0    13     1    10
1.0922018926645152E-01 a       299     0    13     1    11
-1.0781970545499901E-01 a       300     0    13     1    12
4.9359766215238923E-02 a       301     0    13     1    13
2.9660422790221842E-02 a       302     0    13     1    14
-3.6500497328584125E-01 a       303     0    13     1    15
2.4213030967850185E-01 a       304     0    13     1    16
-4.6190877672413297E-02 a       305     0    13     1    17
5.2379375953265091E-02 a       306     0    13     1    18
2.0619071028024888E-01 a       307     0    13     1    19
-3.4223536521252551E-01 a       308     0    13     1    20
-2.1901712465529793E-01 a       309     0    13     1    21
3.1764620058316068E-01 a       310     0    13     1    22
7.5392501762270830E-02 a       311     0    13     1    23
3.5443166173409944E-02 a       312     0    13     1    24
2.8943468267396094E-01 a       313     0    14     1     1
-2.5911558265967274E-02 a       314     0    14     1     2
4.4974132685921731E-01 a       315     0    14     1     3
-4.1377428414261985E-01 a       316     0    14     1     4
1.0885216287036961E-01 a       317     0    14     1     5
-2.1847894821574618E-01 a       318     0    14     1     6
-6.1303952854619677E-03 a       319     0    14     1     7
1.5503082239274904E-01 a       320     0    14     1     8
-4.8878118382251520E-02 a       321     0    14     1     9
6.5517265055721932E-02 a       322     0    14     1    10
3.7638450567126125E-01 a       323     0    14     1    11
1.0132308857969126E-02 a       324     0    14     1    12
-2.9613501811917714E-01 a       325     0    14     1    13
-3.2775700756285742E-01 a       326     0    14     1    14
2.9315973699138881E-01 a       327     0    14     1    15
-2.1826482455724064E-01 a       328     0    14     1    16
1.9087021227331233E-01 a       329     0    14     1    17
-1.1612903256900607E-01 a       330     0    14     1    18
6.6619605766818990E-03 a       331     0    14     1    19
-2.2421415190385697E-02 a       332     0    14     1    20
1.0260695517571880E-01 a       333     0    14     1    21
-7.9699523366941319E-02 a       334     0    14     1    22
2.6818768473366933E-01 a       335     0    14     1    23
-1.4708036203607153E-01 a       336     0    14     1    24
-3.6196561646139663E-01 a       337     0    15     1     1
-1.0877891040164682E-01 a       338     0    15     1     2
3.3936894732181921E-02 a       339     0    15     1     3
5.9356329166215034E-02 a       340     0    15     1     4
8.0904939381631527E-02 a       341     0    15     1     5
-6.9377653478259374E-02 a       342     0    15     1     6
-1.5078101093566865E-01 a       343     0    15     1     7
2.6240692762593593E-01 a       344     0    15     1     8
5.9894688762367879E-02 a       345     0    15     1     9
-3.3465972017291776E-02 a       346     0    15     1    10
5.0521265234434509E-01 a       347     0    15     1    11
-3.5549884977868029E-01 a       348     0    15     1    12
9.6368470009972854E-02 a       349     0    15     1    13
-4.4266485397679711E-01 a       350     0    15     1    14
2.8108650240811128E-01 a       351     0    15     1    15
3.1321189575554231E-01 a       352     0    15     1    16
-7.7553500641796558E-02 a       353     0    15     1    17
-3.5448690007189304E-01 a       354     0    15     1    18
1.8677557989469334E-02 a       355     0    15     1    19
-1.0513400519957447E-01 a       356     0    15     1    20
3.8753061564604258E-02 a       357     0    15     1    21
-4.2198093728604547E-01 a       358     0    15     1    22
-2.3122123681659909E-03 a       359     0    15     1    23
-3.2499315563346270E-01 a       360     0    15     1    24
4.3460928485440635E-02 a       361     0    16     1     1
2.7523122304851799E-01 a       362     0    16     1     2
-1.1301789355089203E-01 a       363     0    16     1     3
-3.0999671333700163E-01 a       364     0    16     1     4
-1.0123077095810980E-01 a       365     0    16     1     5
-2.2738300651092996E-01 a       366     0    16     1     6
-7.3326078402965456E-02 a       367     0    16     1     7
1.4809925371850005E-01 a       368     0    16     1     8
1.0077541300151885E-01 a       369     0    16     1     9
-1.0837356833563946E-01 a       370     0    16     1    10
-2.2236646892342607E-01 a       371     0    16     1    11
9.4339055087962184E-02 a       372     0    16     1    12
2.6319594556460807E-01 a       373     0    16     1    13
2.0093463545015039E-01 a       374     0    16     1    14
-2.2255375318738609E-02 a       375     0    16     1    15
4.3647829511558059E-02 a       376     0    16     1    16
-9.2133354902296849E-02 a       377     0    16     1    17
-7.1047151936949354E-02 a       378     0    16     1    18
-1.4253953594201663E-01 a       379     0    16     1    19
-2.7829478308884797E-01 a       380     0    16     1    20
-5.2156299562744680E-02 a       381     0    16     1    21
2.5054265714968479E-02 a       382     0    16     1    22
1.7463619644197489E-01 a       383     0    16     1    23
-1.1415803208940823E-03 a       384     0    16     1    24
-7.1579825299717723E-02 a       385     0    17     1     1
2.3850430076145995E-01 a       386     0    17     1     2
-3.4053830263529528E-01 a       387     0    17     1     3
-2.3714499572096491E-03 a       388     0    17     1     4
-2.0569271123789737E-01 a       389     0    17     1     5
1.9128110008701646E-01 a       390     0    17     1     6
3.0181301430684909E-01 a       391     0    17     1     7
-6.9405326368869480E-02 a       392     0    17     1     8
-1.9508303197623975E-01 a       393     0    17     1     9
-9.7659370775066132E-02 a       394     0    17     1    10
1.5474840204569917E-01 a       395     0    17     1    11
4.4462457429921398E-01 a       396     0    17     1    12
-3.2863380846064993E-01 a       397     0    17     1    13
2.8445300216427510E-01 a       398     0    17     1    14
1.2765637451966130E-01 a       399     0    17     1    15
3.0782944073675417E-01 a       400     0    17     1    16
3.9224758209041277E-01 a       401     0    17     1    17
4.5573414016131041E-02 a       402     0    17     1    18
1.1982793808938226E-01 a       403     0    17     1    19
1.9596648995936697E-01 a       404     0    17     1    20
1.7859344267260280E-01 a       405     0    17     1    21
-7.2875913017237490E-02 a       406     0    17     1    22
4.7308880370784727E-02 a       407     0    17     1    23
1.9343858283330112E-01 a       408     0    17     1    24
-2.9639234500168915E-01 a       409     0    18     1     1
2.1646373522792095E-01 a       410     0    18     1     2
-1.5128823162207611E-01 a       411     0    18     1     3
2.2041245066341592E-01 a       412     0    18     1     4
-1.5539642193658762E-01 a       413     0    18     1     5
2.5942206772522108E-01 a       414     0    18     1     6
3.4543505603984720E-01 a       415     0    18     1     7
-2.1639450969504739E-01 a       416     0    18     1     8
-6.4341043538740580E-02 a       417     0    18     1     9
-2.0786117247937750E-02 a       418     0    18     1    10
-7.0773243480534556E-02 a       419     0    18     1    11
-2.3081029259828481E-01 a       420     0    18     1    12
-2.8585682376122173E-01 a       421     0    18     1    13
-1.5513636955959817E-01 a       422     0    18     1    14
1.0444340126342475E-02 a       423     0    18     1    15
-1.3813999441963032E-01 a       424     0    18     1    16
-1.9850551526259053E-01 a       425     0    18     1    17
-2.1032775085746469E-02 a       426     0    18     1    18
2.8925514120858059E-01 a       427     0    18     1    19
2.6022998031184974E-01 a       428     0    18     1    20
-4.4115171710294848E-01 a       429     0    18     1    21
-2.5003368647351260E-01 a       430     0    18     1    22
1.3783893748671799E-01 a       431     0    18     1    23
-2.1722952670774767E-01 a       432     0    18     1    24
4.3717828025215323E-02 a       433     0    19     1     1
4.5838840907830629E-02 a       434     0    19     1     2
8.1188344144190905E-02 a       435     0    19     1     3
2.5644252840340687E-01 a       436     0    19     1     4
-1.8698345635503272E-01 a       437     0    19     1     5
-9.8426749317956017E-02 a       438     0    19     1     6
-1.6827615692391003E-02 a       439     0    19     1     7
-4.2702900322232074E-01 a       440     0    19     1     8
-9.0316322137882626E-03 a       441     0    19     1     9
-1.2260286769657071E-01 a       442     0    19     1    10
-1.6661729585242004E-02 a       443     0    19     1    11
-1.7636244026502823E-01 a       444     0    19     1    12
-3.6442918553710985E-01 a       445     0    19     1    13
3.8067714756112633E-02 a       446     0    19     1    14
1.6893570615101788E-01 a       447     0    19     1    15
3.0299778262885602E-01 a       448     0    19     1    16
1.8195919101349509E-01 a       449     0    19     1    17
-2.7810181445632104E-01 a       450     0    19     1    18
1.4010109441474111E-01 a       451     0    19     1    19
2.7121269213048409E-02 a       452     0    19     1    20
2.7572514700821149E-01 a       453     0    19     1    21
1.9012017300793282E-01 a       454     0    19     1    22
8.6804272186619073E-03 a       455     0    19     1    23
-4.2335900582595892E-01 a       456     0    19     1    24
-2.1493916002328647E-01 a       457     0    20     1     1
-7.5659524253412283E-02 a       458     0    20     1     2
-6.9431332452881384E-02 a       459     0    20     1     3
-1.5766925540241047E-01 a       460     0    20     1     4
-1.9684746684907539E-01 a       461     0    20     1     5
-7.1925961530646509E-02 a       462     0    20     1     6
2.4788110962177748E-01 a       463     0    20     1     7
1.4176587462778384E-01 a       464     0    20     1     8
-2.0474995989831914E-02 a       465     0    20     1     9
-3.7408222485374676E-02 a       466     0    20     1    10
-4.6584817249232774E-01 a       467     0    20     1    11
4.5497551999597015E-03 a       468     0    20     1    12
2.0426525916173949E-01 a       469     0    20     1    13
3.6342422376346212E-01 a       470     0    20     1    14
-4.8791341804145943E-01 a       471     0    20     1    15
3.6488923872592459E-03 a       472     0    20     1    16
-2.1210148872817974E-01 a       473     0    20     1    17
1.3142489498713761E-01 a       474     0    20     1    18
1.8296406241971094E-02 a       475     0    20     1    19
3.9355002156627217E-01 a       476     0    20     1    20
-1.0357804691108355E-01 a       477     0    20     1    21
5.2233052963631055E-01 a       478     0    20     1    22
-3.7775239780429837E-01 a       479     0    20     1    23
-9.1170044996802230E-02 a       480     0    20     1    24
2.0828952453677868E-01 a       481     0    21     1     1
-8.4076480326695971E-02 a       482     0    21     1     2
-5.9291176273855127E-02 a       483     0    21     1     3
-1.3022638045875004E-01 a       484     0    21     1     4
1.8427966439276058E-01 a       485     0    21     1     5
2.3348724513263658E-01 a       486     0    21     1     6
-1.1180839344066998E-01 a       487     0    21     1     7
1.1913553171206702E-01 a       488     0    21     1     8
-2.1751867619896970E-03 a       489     0    21     1     9
2.7729299102372407E-01 a       490     0    21     1    10
2.0294877083737728E-01 a       491     0    21     1    11
6.5374069317902170E-02 a       492     0    21     1    12
-2.8668547007134060E-01 a       493     0    21     1    13
2.0097736227187971E-01 a       494     0    21     1    14
-2.9631138349135316E-01 a       495     0    21     1    15
-9.3516352446856507E-02 a       496     0    21     1    16
-7.2874827015772539E-02 a       497     0    21     1    17
-3.1718228374103680E-01 a       498     0    21     1    18
6.8063930798983457E-02 a       499     0    21     1    19
-2.3875147317285059E-01 a       500     0    21     1    20
2.3623483768012135E-01 a       501     0    21     1    21
1.6234661563158187E-01 a       502     0    21     1    22
1.9636439863842650E-01 a       503     0    21     1    23
-1.3775434926524446E-01 a       504     0    21     1    24
-3.6811062966760005E-01 a       505     0    22     1     1
3.8283736871234814E-01 a       506     0    22     1     2
2.0193157896034064E-01 a       507     0    22     1     3
2.1119791979082472E-01 a       508     0    22     1     4
7.6176912110462472E-02 a       509     0    22     1     5
-2.9326482800633197E-01 a       510     0    22     1     6
3.4707964399571793E-02 a       511     0    22     1     7
2.8324930619886629E-01 a       512     0    22     1     8
5.8143931746781474E-01 a       513     0    22     1     9
-5.7589307086590191E-01 a       514     0    22     1    10
1.4573843374819048E-01 a       515     0    22     1    11
-2.1224478880568542E-01 a       516     0    22     1    12
-2.4488807072989363E-01 a       517     0    22     1    13
2.1678250271400451E-01 a       518     0    22     1    14
-1.0479436486720183E-01 a       519     0    22     1    15
9.0536741684097505E-02 a       520     0    22     1    16
5.7538725223144807E-02 a       521     0    22     1    17
-2.5706410193441021E-01 a       522     0    22     1    18
1.0838666332451312E-01 a       523     0    22     1    19
1.7515209607199703E-01 a       524     0    22     1    20
-4.2675821081509130E-01 a       525     0    22     1    21
1.1370228833672867E-01 a       526     0    22     1    22
3.0793106700711609E-01 a       527     0    22     1    23
4.1752738313527699E-01 a       528     0    22     1    24
-3.3701281268755529E-01 a       529     0    23     1     1
-8.7191496286694523E-02 a       530     0    23     1     2
2.7368325980530817E-01 a       531     0    23     1     3
3.6031435664229866E-02 a       532     0    23     1     4
-5.6318609425148387E-02 a       533     0    23     1     5
2.6969941996473765E-02 a       534     0    23     1     6
-4.3979182040416903E-01 a       535     0    23     1     7
-1.1651670483664590E-01 a       536     0    23     1     8
-1.5736813343046260E-02 a       537     0    23     1     9
-8.8997419590718843E-02 a       538     0    23     1    10
-2.0082995824778782E-01 a       539     0    23     1    11
-2.2556972934313199E-01 a       540     0    23     1    12
6.8651369034185492E-02 a       541     0    23     1    13
-7.1550314175211930E-03 a       542     0    23     1    14
-4.7193828612248356E-02 a       543     0    23     1    15
4.1829192642679126E-02 a       544     0    23     1    16
-2.8395611043063734E-01 a       545     0    23     1    17
-2.9005969488173872E-01 a       546     0    23     1    18
2.2091441116871602E-01 a       547     0    23     1    19
2.8662436208731767E-02 a       548     0    23     1    20
6.9165258565028878E-02 a       549     0    23     1    21
-3.5146005661298063E-01 a       550     0    23     1    22
-6.9369317636958958E-02 a       551     0    23     1    23
1.2762293779179953E-01 a       552     0    23     1    24
1.0425293994295941E-01 a       553     0    24     1     1
-2.2614121451842800E-02 a       554     0    24     1     2
-2.3181349417715591E-01 a       555     0    24     1     3
1.2889697403187889E-01 a       556     0    24     1     4
-1.8736871086459175E-01 a       557     0    24     1     5
-3.8634743876878860E-02 a       558     0    24     1     6
3.1744653290813440E-01 a       559     0    24     1     7
-4.1795392933872140E-02 a       560     0    24     1     8
1.2636020975857870E-01 a       561     0    24     1     9
-3.3354674516710919E-01 a       562     0    24     1    10
5.9601979665170579E-01 a       563     0    24     1    11
3.2580501125997702E-01 a       564     0    24     1    12
-2.7147060833324038E-01 a       565     0    24     1    13
-5.9659420744750079E-03 a       566     0    24     1    14
-1.0678196272529698E-02 a       567     0    24     1    15
9.4474342368701794E-02 a       568     0    24     1    16
-1.8433707151039097E-01 a       569     0    24     1    17
3.5051170038908358E-01 a       570     0    24     1    18
-1.3436897994888100E-01 a       571     0    24     1    19
8.3676492100227498E-02 a       572     0    24     1    20
1.5318756019435661E-01 a       573     0    24     1    21
-6.0125263405218045E-02 a       574     0    24     1    22
1.6153981323104730E-01 a       575     0    24     1    23
-3.7405857011923899E-01 a       576     0    24     1    24
1.0398737503265765E-01 a       577     0    25     1     1
-3.3881950127501903E-01 a       578     0    25     1     2
1.7453698011396235E-01 a       579     0    25     1     3
-1.1574695330432275E-01 a       580     0    25     1     4
-5.5421348085428634E-01 a       581     0    25     1     5
2.1102088031192887E-01 a       582     0    25     1     6
-2.9316647156318149E-01 a       583     0    25     1     7
3.4003814345286688E-02 a       584     0    25     1     8
1.9403895487969208E-01 a       585     0    25     1     9
3.5083348036758322E-01 a       586     0    25     1    10
-3.6683746750262014E-01 a       587     0    25     1    11
1.8869583596348685E-01 a       588     0    25     1    12
-1.7523324944149342E-02 a       589     0    25     1    13
-2.8072763028125625E-01 a       590     0    25     1    14
3.6564883615135307E-01 a       591     0    25     1    15
-6.7732096256016339E-02 a       592     0    25     1    16
2.2170416969936935E-01 a       593     0    25     1    17
2.6029793873012813E-01 a       594     0    25     1    18
-1.0422049051804000E-02 a       595     0    25     1    19
-4.4539226739186706E-02 a       596     0    25     1    20
-9.2934807771064120E-03 a       597     0    25     1    21
2.0349172371230320E-01 a       598     0    25     1    22
-4.0870633418884909E-02 a       599     0    25     1    23
1.4253665809173505E-01 a       600     0    25     1    24
-2.9629778557025727E-01 a       601     0    26     1     1
1.3490004831363253E-01 a       602     0    26     1     2
-9.3471918501342552E-02 a       603     0    26     1     3
1.1223237504242625E-01 a       604     0    26     1     4
4.3946824080093157E-02 a       605     0    26     1     5
-1.0501820543127073E-01 a       606     0    26     1     6
3.5314290627134051E-02 a       607     0    26     1     7
7.5079129168931363E-02 a       608     0    26     1     8
-9.7024079415775705E-02 a       609     0    26     1     9
-1.9080818993124310E-01 a       610     0    26     1    10
-8.1816703746807606E-02 a       611     0    26     1    11
1.6934323400256836E-02 a       612     0    26     1    12
1.4049097096026470E-02 a       613     0    26     1    13
7.5295151803167523E-02 a       614     0    26     1    14
-2.1362414559274362E-01 a       615     0    26     1    15
-2.4336977326415282E-01 a       616     0    26     1    16
4.0971075328889417E-01 a       617     0    26     1    17
-3.4727929528025481E-01 a       618     0    26     1    18
2.7300082078078125E-01 a       619     0    26     1    19
2.2500772881823239E-01 a       620     0    26     1    20
3.0568931258458021E-01 a       621     0    26     1    21
-5.5053418741839184E-03 a       622     0    26     1    22
-2.0586910787644336E-01 a       623     0    26     1    23
-1.7043125583364929E-01 a       624     0    26     1    24
-2.0569797820242577E-01 a       625     0    27     1     1
-4.5487704496174050E-02 a       626     0    27     1     2
-2.4514339108736533E-02 a       627     0    27     1     3
-1.1312322786422638E-01 a       628     0    27     1     4
3.1693939568849894E-01 a       629     0    27     1     5
5.1957621634894605E-02 a       630     0    27     1     6
5.1621591769030528E-02 a       631     0    27     1     7
3.0552055558685892E-01 a       632     0    27     1     8
-1.7964724247140301E-01 a       633     0    27     1     9
-9.8451552179567192E-02 a       634     0    27     1    10
-1.7912041925464545E-01 a       635     0    27     1    11
-1.4007672268625544E-02 a       636     0    27     1    12
3.5504659386942340E-02 a       637     0    27     1    13
2.2333975130368954E-02 a       638     0    27     1    14
-3.3586327465868010E-01 a       639     0    27     1    15
-1.3214447841519508E-01 a       640     0    27     1    16
-4.2909762635776469E-03 a       641     0    27     1    17
-1.1975996919560510E-01 a       642     0    27     1    18
3.5831713217653403E-02 a       643     0    27     1    19
1.2445894487617680E-01 a       644     0    27     1    20
-6.2919912505638900E-02 a       645     0    27     1    21
1.6340593901585976E-01 a       646     0    27     1    22
-1.8649665799903242E-03 a       647     0    27     1    23
-1.1214343529750675E-01 a       648     0    27     1    24
1.4135819832889439E-02 b       649     1     1
-5.4715372674206550E-02 b       650     1     2
1.4440642262629330E-01 b       651     1     3
-1.3456232048395339E-01 b       652     1     4
4.4083770996188425E-02 b       653     1     5
-1.2402407627242674E-01 b       654     1     6
-9.8515430151852670E-02 b       655     1     7
-7.0824162315120495E-02 b       656     1     8
-1.5854445440418555E-01 b       657     1     9
-2.5988513966849165E-02 b       658     1    10
8.6332539723841514E-02 b       659     1    11
-1.4380034245716197E-02 b       660     1    12
-1.0640563975139895E-01 b       661     1    13
-1.1449475949195677E-01 b       662     1    14
-1.7142758708611225E-01 b       663     1    15
5.3917832634803715E-02 b       664     1    16
2.4939908310912348E-02 b       665     1    17
1.2961614816722741E-01 b       666     1    18
-8.0473177123693548E-02 b       667     1    19
1.4030466933689659E-01 b       668     1    20
5.1254199542987669E-02 b       669     1    21
-2.4059126363144775E-02 b       670     1    22
-5.0746114627859593E-02 b       671     1    23
-1.3829974679569565E-01 b       672     1    24
2.4014987197631676E-01 a       673     1     1     2     1
1.0604643646339142E-01 a       674     1     1     2     2
9.2896216848774735E-02 a       675     1     1     2     3
-1.2370825387546694E-01 a       676     1     1     2     4
1.9755783434671639E-01 a       677     1     1     2     5
3.0704634021101196E-01 a       678     1     1     2     6
1.9700576659355490E-01 a       679     1     1     2     7
-2.3116745091503071E-01 a       680     1     1     2     8
2.7898679427949219E-01 a       681     1     1     2     9
-1.1235470642639707E-01 a       682     1     1     2    10
-2.4061791828900136E-01 a       683     1     1     2    11
-4.2734055441627866E-01 a       684     1     1     2    12
1.0559526566441223E-01 a       685     1     1     2    13
1.3523626422512636E-01 a       686     1     1     2    14
-6.9205306360089957E-03 a       687     1     1     2    15
-4.4380033365280264E-01 a       688     1     1     2    16
-2.1384661398136562E-01 a       689     1     1     2    17
-9.2975283757326624E-02 a       690     1     1     2    18
1.0229858979463986E-01 a       691     1     1     2    19
1.4511876831320156E-01 a       692     1     1     2    20
5.6882584028189846E-02 a       693     1     1     2    21
8.9031967709057816E-02 a       694     1     1     2    22
-2.0431272563270375E-01 a       695     1     1     2    23
1.2962499042202244E-01 a       696     1     1     2    24
3.2435934307209796E-01 a       697     1     2     2     1
-1.7197561747200071E-01 a       698     1     2     2     2
3.1727262698829771E-02 a       699     1     2     2     3
1.5080958020650284E-01 a       700     1     2     2     4
-3.2239725321122670E-01 a       701     1     2     2     5
2.7911829362817581E-01 a       702     1     2     2     6
1.5794350554574985E-02 a       703     1     2     2     7
3.6661658165835387E-01 a       704     1     2     2     8
-1.7361165163626260E-01 a       705     1     2     2     9
2.9595732705937344E-01 a       706     1     2     2    10
-6.2788681328933518E-02 a       707     1     2     2    11
6.1509928353965820E-02 a       708     1     2     2    12
-1.2896075584840336E-01 a       709     1     2     2    13
3.8851490496677271E-01 a       710     1     2     2    14
1.1876902914621805E-01 a       711     1     2     2    15
3.8276207887863767E-01 a       712     1     2     2    16
9.9957397983001239E-02 a       713     1     2     2    17
2.9699354976621162E-01 a       714     1     2     2    18
1.3134183086176560E-01 a       715     1     2     2    19
-9.5527442643791413E-02 a       716     1     2     2    20
2.0691595109431138E-01 a       717     1     2     2    21
8.4859886279801955E-02 a       718     1     2     2    22
-9.8430102930730456E-02 a       719     1     2     2    23
-8.8836159880458163E-02 a       720     1     2     2    24
-2.3278968063353001E-01 a       721     1     3     2     1
-7.9095181751050972E-02 a       722     1     3     2     2
1.7398179524863078E-01 a       723     1     3     2     3
-2.4126945659304991E-01 a       724     1     3     2     4
-3.9617789852474844E-01 a       725     1     3     2     5
-2.3882099114378041E-01 a       726     1     3     2     6
-1.0756245580578665E-01 a       727     1     3     2     7
-1.4717488497734199E-01 a       728     1     3     2     8
1.6739984636088562E-01 a       729     1     3     2     9
-1.5493143892523556E-01 a       730     1     3     2    10
-2.8627563111225074E-01 a       731     1     3     2    11
3.0595192524264025E-01 a       732     1     3     2    12
-1.6384638318965411E-01 a       733     1     3     2    13
-1.3029941700439329E-01 a       734     1     3     2    14
-1.7150570844536844E-01 a       735     1     3     2    15
3.2534715830950378E-01 a       736     1     3     2    16
-2.9510638695721536E-01 a       737     1     3     2    17
-2.8239084771311884E-01 a       738     1     3     2    18
-1.5659814168838299E-01 a       739     1     3     2    19
9.3356598104426342E-02 a       740     1     3     2    20
2.6356719246041650E-02 a       741     1     3     2    21
1.9856501568999949E-01 a       742     1     3     2    22
1.3078254542429818E-01 a       743     1     3     2    23
-4.4361259991082358E-01 a       744     1     3     2    24
-2.0312898231841198E-02 a       745     1     4     2     1
4.0847390488963670E-01 a       746     1     4     2     2
1.7030069940365414E-01 a       747     1     4     2     3
-2.3521254658434199E-01 a       748     1     4     2     4
-8.2947400359732887E-02 a       749     1     4     2     5
-4.0766824809587016E-02 a       750     1     4     2     6
1.4124849664754230E-01 a       751     1     4     2     7
-2.6653521684618670E-01 a       752     1     4     2     8
-2.7143875744110885E-01 a       753     1     4     2     9
2.8078295460292291E-01 a       754     1     4     2    10
-4.7338321228815528E-01 a       755     1     4     2    11
-3.1228423174723596E-01 a       756     1     4     2    12
-7.4022363663080681E-02 a       757     1     4     2    13
6.6297916306522514E-02 a       758     1     4     2    14
4.1434655450904995E-02 a       759     1     4     2    15
1.2314233423094251E-01 a       760     1     4     2    16
2.4145674740377412E-01 a       761     1     4     2    17
3.2353232216187022E-02 a       762     1     4     2    18
1.1901375725043341E-01 a       763     1     4     2    19
-2.8707782865439507E-01 a       764     1     4     2    20
2.5384179339338508E-01 a       765     1     4     2    21
-1.2012060934851111E-01 a       766     1     4     2    22
-3.0502216993540532E-01 a       767     1     4     2    23
-1.5578469998705891E-01 a       768     1     4     2    24
-2.7703897623240570E-01 a       769     1     5     2     1
-1.5797828871904598E-01 a       770     1     5     2     2
-3.5392527189904688E-01 a       771     1     5     2     3
-1.4326915639730090E-01 a       772     1     5     2     4
-1.0259758501722158E-01 a       773     1     5     2     5
2.2098638615826607E-01 a       774     1     5     2     6
-2.1064067602291919E-01 a       775     1     5     2     7
-1.4448328399274427E-01 a       776     1     5     2     8
1.1195071248938867E-02 a       777     1     5     2     9
1.7091465649734505E-01 a       778     1     5     2    10
-2.4253785018472568E-01 a       779     1     5     2    11
1.1837436364301228E-01 a       780     1     5     2    12
-2.4369285631753487E-01 a       781     1     5     2    13
-3.1986473902158097E-01 a       782     1     5     2    14
1.4022060483408780E-01 a       783     1     5     2    15
1.3082376410303501E-01 a       784     1     5     2    16
9.9516375958946468E-02 a       785     1     5     2    17
-3.5138824484309744E-01 a       786     1     5     2    18
3.5903003079373930E-01 a       787     1     5     2    19
-4.0141381152118016E-02 a       788     1     5     2    20
-9.1627214111521707E-02 a       789     1     5     2    21
8.4237318492743601E-02 a       790     1     5     2    22
3.2669067749245634E-01 a       791     1     5     2    23
-1.4368661051794896E-02 a       792     1     5     2    24
-2.2827707981481943E-01 a       793     1     6     2     1
-6.9960592140606181E-02 a       794     1     6     2     2
2.6149777726691642E-01 a       795     1     6     2     3
2.8225069374338213E-01 a       796     1     6     2     4
1.0677217138460771E-01 a       797     1     6     2     5
2.3650004413522635E-01 a       798     1     6     2     6
8.3858620967422970E-02 a       799     1     6     2     7
1.3799716780764665E-01 a       800     1     6     2     8
8.7970419822562054E-02 a       801     1     6     2     9
2.2520729498733785E-01 a       802     1     6     2    10
1.4037502639280655E-01 a       803     1     6     2    11
-8.7034133101644928E-02 a       804     1     6     2    12
-2.2119884380250476E-01 a       805     1     6     2    13
2.7574615244002854E-01 a       806     1     6     2    14
-2.7494884820417947E-01 a       807     1     6     2    15
-1.8968881910607835E-01 a       808     1     6     2    16
3.1991623273979691E-01 a       809     1     6     2    17
9.7683634344341727E-02 a       810     1     6     2    18
-6.7878880949266057E-02 a       811     1     6     2    19
3.2967979342779521E-02 a       812     1     6     2    20
1.7176241030775344E-01 a       813     1     6     2    21
3.9386551164340741E-02 a       814     1     6     2    22
1.6231915794054164E-01 a       815     1     6     2    23
-1.4321623354576743E-01 a       816     1     6     2    24
2.7583771539286672E-01 a       817     1     7     2     1
1.0002694784579294E-01 a       818     1     7     2     2
3.2726003972641371E-01 a       819     1     7     2     3
5.6815244903759055E-02 a       820     1     7     2     4
-1.3007883568440531E-01 a       821     1     7     2     5
3.4426705107291455E-01 a       822     1     7     2     6
-3.3040907174325568E-01 a       823     1     7     2     7
2.2515298100992653E-01 a       824     1     7     2     8
2.1745067645919901E-02 a       825     1     7     2     9
6.9774576425675430E-02 a       826     1     7     2    10
-3.1573398770186861E-02 a       827     1     7     2    11
-5.5120709397856363E-02 a       828     1     7     2    12
-3.9886715993499144E-01 a       829     1     7     2    13
2.7661684673591558E-01 a       830     1     7     2    14
-1.4626364671048995E-02 a       831     1     7     2    15
2.5276447216529169E-01 a       832     1     7     2    16
-1.1594883041177159E-01 a       833     1     7     2    17
-1.2004641113051685E-01 a       834     1     7     2    18
-4.3389524486437799E-02 a       835     1     7     2    19
1.6658674703225421E-02 a       836     1     7     2    20
-2.7008852599209533E-02 a       837     1     7     2    21
-3.1142764356300340E-01 a       838     1     7     2    22
2.2900277707789223E-02 a       839     1     7     2    23
-5.7889823484452090E-02 a       840     1     7     2    24
1.8076958120347877E-01 a       841     1     8     2     1
-2.3289881005817005E-02 a       842     1     8     2     2
6.1461947168171285E-02 a       843     1     8     2     3
1.1029899298934739E-02 a       844     1     8     2     4
-2.3513329456242585E-01 a       845     1     8     2     5
-1.2783641163069964E-01 a       846     1     8     2     6
-1.9688327212675905E-01 a       847     1     8     2     7
-2.7337951098473223E-01 a       848     1     8     2     8
-4.2792112168501711E-01 a       849     1     8     2     9
1.2181071837632211E-01 a       850     1     8     2    10
-1.9133737196205400E-01 a       851     1     8     2    11
1.5097096165841464E-01 a       852     1     8     2    12
-4.7508991846981666E-02 a       853     1     8     2    13
3.6737723538066941E-01 a       854     1     8     2    14
-3.8580825467818064E-01 a       855     1     8     2    15
-1.6291039076200436E-01 a       856     1     8     2    16
2.6109716935528876E-01 a       857     1     8     2    17
2.1918192215848795E-01 a       858     1     8     2    18
2.2855667326233861E-01 a       859     1     8     2    19
-5.6293059114958535E-02 a       860     1     8     2    20
-1.7055326763438619E-01 a       861     1     8     2    21
-2.5965673026788566E-01 a       862     1     8     2    22
-1.7793939893608172E-02 a       863     1     8     2    23
-1.5116602869918272E-01 a       864     1     8     2    24
-1.4435754426503378E-01 a       865     1     9     2     1
1.8716017234407922E-01 a       866     1     9     2     2
-2.9563119688856293E-01 a       867     1     9     2     3
2.3672733135921870E-01 a       868     1     9     2     4
-9.5470843003883948E-02 a       869     1     9     2     5
5.5190743146250531E-03 a       870     1     9     2     6
2.2769843930818195E-01 a       871     1     9     2     7
3.1638044552625183E-01 a       872     1     9     2     8
-1.0245293061240859E-01 a       873     1     9     2     9
2.5533946373384231E-01 a       874     1     9     2    10
6.1519860519503401E-02 a       875     1     9     2    11
-7.8178671676104858E-02 a       876     1     9     2    12
2.5518780519353274E-01 a       877     1     9     2    13
-1.2840809725176600E-01 a       878     1     9     2    14
-3.7586918692627813E-01 a       879     1     9     2    15
-1.4390225161448786E-01 a       880     1     9     2    16
8.0385937918598896E-02 a       881     1     9     2    17
-1.2208757978102462E-01 a       882     1     9     2    18
2.8263242905856082E-02 a       883     1     9     2    19
-1.8309253097756098E-01 a       884     1     9     2    20
9.0931454530919470E-02 a       885     1     9     2    21
-1.6932403638592891E-01 a       886     1     9     2    22
2.0618604217142544E-01 a       887     1     9     2    23
-7.9028109744308406E-02 a       888     1     9     2    24
2.3496103430549065E-01 a       889     1    10     2     1
-1.5352882567313092E-01 a       890     1    10     2     2
-1.9232926740215942E-01 a       891     1    10     2     3
-4.5946297994859837E-02 a       892     1    10     2     4
1.3354054401425400E-01 a       893     1    10     2     5
-1.6517706104908833E-01 a       894     1    10     2     6
4.0941839155047061E-01 a       895     1    10     2     7
3.0149192600730351E-01 a       896     1    10     2     8
-6.9194488819001214E-03 a       897     1    10     2     9
-2.1198164348558854E-01 a       898     1    10     2    10
-8.1383727623424107E-02 a       899     1    10     2    11
7.2519869637434915E-03 a       900     1    10     2    12
-4.3455115981554515E-01 a       901     1    10     2    13
-4.4682930718260051E-02 a       902     1    10     2    14
9.9771950977498525E-02 a       903     1    10     2    15
2.1776352998969024E-02 a       904     1    10     2    16
-4.6003292225485014E-02 a       905     1    10     2    17
-2.0293334269891314E-01 a       906     1    10     2    18
-5.6568899566437203E-01 a       907     1    10     2    19
8.0896814750817843E-03 a       908     1    10     2    20
-6.7707083146684860E-02 a       909     1    10     2    21
-1.7597045675841780E-01 a       910     1    10     2    22
3.1262375015266869E-01 a       911     1    10     2    23
1.3487458260678400E-02 a       912     1    10     2    24
-2.5139443290805102E-01 a       913     1    11     2     1
5.3555545703135518E-02 a       914     1    11     2     2
4.9893518723734243E-01 a       915     1    11     2     3
-1.2862947659939103E-01 a       916     1    11     2     4
-2.0926091010552084E-01 a       917     1    11     2     5
2.8872096139381220E-01 a       918     1    11     2     6
-1.5928898643373789E-02 a       919     1    11     2     7
3.8694583614668994E-02 a       920     1    11     2     8
9.2100305789308765E-02 a       921     1    11     2     9
1.5166009251395821E-01 a       922     1    11     2    10
3.9368704713939572E-02 a       923     1    11     2    11
-1.1118502158463246E-01 a       924     1    11     2    12
6.8774008542940154E-03 a       925     1    11     2    13
-1.7240339006532418E-01 a       926     1    11     2    14
-2.3724690697480195E-02 a       927     1    11     2    15
-1.4122717905991181E-01 a       928     1    11     2    16
1.3386345966193611E-01 a       929     1    11     2    17
2.2259421481060862E-01 a       930     1    11     2    18
-5.5041776645730256E-01 a       931     1    11     2    19
1.4335672596579949E-01 a       932     1    11     2    20
3.1794830990805845E-01 a       933     1    11     2    21
1.5825183100380860E-01 a       934     1    11     2    22
-3.6601513483929937E-01 a       935     1    11     2    23
2.5812340537996004E-01 a       936     1    11     2    24
3.1663097326154833E-02 a       937     1    12     2     1
-3.0499325737931510E-01 a       938     1    12     2     2
4.1192983520597337E-01 a       939     1    12     2     3
-3.3518660905982595E-01 a       940     1    12     2     4
-5.4364286839026665E-02 a       941     1    12     2     5
8.8138048438308678E-05 a       942     1    12     2     6
1.5726147038076324E-01 a       943     1    12     2     7
-3.7148487129206861E-02 a       944     1    12     2     8
-2.2804160815011393E-01 a       945     1    12     2     9
5.7339443707989546E-01 a       946     1    12     2    10
2.1172712455445072E-01 a       947     1    12     2    11
2.6459898120362418E-01 a       948     1    12     2    12
2.5996197025962087E-01 a       949     1    12     2    13
-1.1070448009439666E-02 a       950     1    12     2    14
-3.3556337778059231E-01 a       951     1    12     2    15
-3.8765420810992735E-01 a       952     1    12     2    16
3.1488750795206405E-01 a       953     1    12     2    17
2.1550227679199532E-01 a       954     1    12     2    18
-2.3041851422590628E-01 a       955     1    12     2    19
2.4495332179405291E-01 a       956     1    12     2    20
2.7619568744252604E-01 a       957     1    12     2    21
1.3862478461779137E-01 a       958     1    12     2    22
8.5690620733381573E-02 a       959     1    12     2    23
8.1324869321813514E-02 a       960     1    12     2    24
1.1181673009915319E-01 a       961     1    13     2     1
2.1127130276359973E-01 a       962     1    13     2     2
5.5951223128087712E-03 a       963     1    13     2     3
4.4855297901966940E-01 a       964     1    13     2     4
-1.7502429720806975E-01 a       965     1    13     2     5
-3.2543692147749187E-02 a       966     1    13     2     6
-3.8115394727129415E-01 a       967     1    13     2     7
3.3103409314808530E-01 a       968     1    13     2     8
1.2641824429601489E-01 a       969     1    13     2     9
-3.1209957726913390E-01 a       970     1    13     2    10
-3.5723024949366210E-02 a       971     1    13     2    11
2.4711297018587355E-01 a       972     1    13     2    12
9.0463593314960469E-02 a       973     1    13     2    13
1.2848114435038824E-01 a       974     1    13     2    14
-1.8856369360158720E-01 a       975     1    13     2    15
9.8059815498417011E-02 a       976     1    13     2    16
-1.4897330034448783E-01 a       977     1    13     2    17
-3.4757051963857227E-01 a       978     1    13     2    18
-1.9198625227498373E-01 a       979     1    13     2    19
-4.5511457076187639E-01 a       980     1    13     2    20
6.7516831868498176E-02 a       981     1    13     2    21
-2.9646193667125892E-01 a       982     1    13     2    22
-1.9564727443157573E-01 a       983     1    13     2    23
5.3678299625254687E-02 a       984     1    13     2    24
-8.3809978329023302E-02 a       985     1    14     2     1
8.7284531559566086E-02 a       986     1    14     2     2
1.3814773155920149E-01 a       987     1    14     2     3
8.6479040417685865E-02 a       988     1    14     2     4
2.6525247452967160E-01 a       989     1    14     2     5
-1.9032028845685869E-01 a       990     1    14     2     6
-5.7237380660140641E-02 a       991     1    14     2     7
3.1851328420565088E-02 a       992     1    14     2     8
8.6469418104345011E-02 a       993     1    14     2     9
7.8804502271329430E-02 a       994     1    14     2    10
2.9215795881887069E-01 a       995     1    14     2    11
-2.0667182253569841E-01 a       996     1    14     2    12
-2.1793813122763747E-01 a       997     1    14     2    13
-1.2676366015671325E-01 a       998     1    14     2    14
2.9556526277119100E-01 a       999     1    14     2    15
1.9412410893964632E-01 a      1000     1    14     2    16
-4.5940575759269665E-02 a      1001     1    14     2    17
-2.5663465409316433E-01 a      1002     1    14     2    18
1.0476522007403562E-01 a      1003     1    14     2    19
-1.3197085380792756E-01 a      1004     1    14     2    20
-1.2876375134676002E-01 a      1005     1    14     2    21
-6.1807230785048607E-02 a      1006     1    14     2    22
-2.5113964120114851E-01 a      1007     1    14     2    23
-1.7855974786066373E-01 a      1008     1    14     2    24
1.1153974416252335E-01 a      1009     1    15     2     1
-2.4679418064415334E-01 a      1010     1    15     2     2
-5.0053158314981783E-01 a      1011     1    15     2     3
-3.3515012459401305E-01 a      1012     1    15     2     4
-1.6838808237197528E-01 a      1013     1    15     2     5
4.2207230537259710E-01 a      1014     1    15     2     6
-5.5317413080432609E-01 a      1015     1    15     2     7
-2.1362432518161853E-01 a      1016     1    15     2     8
1.0638149822479394E-01 a      1017     1    15     2     9
9.6969022404900268E-02 a      1018     1    15     2    10
3.6129053529807448E-01 a      1019     1    15     2    11
8.3971252003656266E-02 a      1020     1    15     2    12
-1.5606520670559393E-01 a      1021     1    15     2    13
5.3589240211825755E-02 a      1022     1    15     2    14
2.1076168139725075E-02 a      1023     1    15     2    15
-5.4127908877337871E-01 a      1024     1    15     2    16
1.3197138513136339E-01 a      1025     1    15     2    17
-7.5234670499826642E-02 a      1026     1    15     2    18
-2.5819539390411672E-01 a      1027     1    15     2    19
3.9134867556771258E-01 a      1028     1    15     2    20
6.9737151636296837E-03 a      1029     1    15     2    21
3.0240702439806738E-01 a      1030     1    15     2    22
1.4866311998678924E-01 a      1031     1    15     2    23
2.5685995102125830E-01 a      1032     1    15     2    24
-3.3729892154365343E-01 a      1033     1    16     2     1
1.8236276395207390E-02 a      1034     1    16     2     2
-1.7006856128622150E-01 a      1035     1    16     2     3
2.2216213078160421E-02 a      1036     1    16     2     4
-2.6154472777933885E-01 a      1037     1    16     2     5
-1.2970527086902425E-01 a      1038     1    16     2     6
-8.7175187890692687E-02 a      1039     1    16     2     7
2.9676734616823103E-02 a      1040     1    16     2     8
7.4089971987712777E-02 a      1041     1    16     2     9
-3.2077968069372681E-01 a      1042     1    16     2    10
1.3963450597898242E-01 a      1043     1    16     2    11
-7.9180397109172865E-02 a      1044     1    16     2    12
3.9802511909968474E-01 a      1045     1    16     2    13
-7.0645210481780921E-02 a      1046     1    16     2    14
-7.4959814958676180E-02 a      1047     1    16     2    15
-2.2007232002500776E-01 a      1048     1    16     2    16
2.1851480573668644E-01 a      1049     1    16     2    17
8.7656278023403658E-03 a      1050     1    16     2    18
-2.9481235802219169E-01 a      1051     1    16     2    19
-2.1429317828419395E-01 a      1052     1    16     2    20
-1.1596637220504920E-01 a      1053     1    16     2    21
4.9396339192866880E-02 a      1054     1    16     2    22
-2.1464235961988637E-01 a      1055     1    16     2    23
4.2487546299037560E-02 a      1056     1    16     2    24
-9.2135264814767595E-02 a      1057     1    17     2     1
-1.4395320190912550E-01 a      1058     1    17     2     2
1.7906312210146941E-01 a      1059     1    17     2     3
-2.7382435959856549E-01 a      1060     1    17     2     4
-8.6530186468153941E-02 a      1061     1    17     2     5
2.4049532472029983E-01 a      1062     1    17     2     6
2.5525934680068002E-01 a      1063     1    17     2     7
1.3353563654509509E-01 a      1064     1    17     2     8
-8.5525442612600713E-02 a      1065     1    17     2     9
-3.0597917495397026E-01 a      1066     1    17     2    10
2.7398500874699266E-01 a      1067     1    17     2    11
9.5725444282823369E-02 a      1068     1    17     2    12
1.0643904167137588E-01 a      1069     1    17     2    13
-1.8075900355344399E-02 a      1070     1    17     2    14
-6.8888426684168738E-02 a      1071     1    17     2    15
9.0108809194935066E-02 a      1072     1    17     2    16
-1.2346437026600782E-02 a      1073     1    17     2    17
1.1080667740889096E-01 a      1074     1    17     2    18
-2.1162910250545294E-01 a      1075     1    17     2    19
2.1685959587053752E-01 a      1076     1    17     2    20
1.3429872307755816E-01 a      1077     1    17     2    21
6.5962103007762077E-03 a      1078     1    17     2    22
1.2544215203938239E-01 a      1079     1    17     2    23
2.6987396333435651E-02 a      1080     1    17     2    24
3.8259136016887002E-01 a      1081     1    18     2     1
-2.4567482423955911E-01 a      1082     1    18     2     2
1.8558931805758846E-01 a      1083     1    18     2     3
1.2727136361697436E-01 a      1084     1    18     2     4
-1.1420332293010505E-02 a      1085     1    18     2     5
-3.5571415203746520E-01 a      1086     1    18     2     6
-1.8131497395761531E-01 a      1087     1    18     2     7
1.0001192350836172E-01 a      1088     1    18     2     8
-9.7822057504110008E-02 a      1089     1    18     2     9
-2.0507887844939768E-01 a      1090     1    18     2    10
3.0943384267046566E-02 a      1091     1    18     2    11
-3.2452100290451946E-01 a      1092     1    18     2    12
1.2351442714968135E-01 a      1093     1    18     2    13
1.8173516523593433E-01 a      1094     1    18     2    14
2.2041254205034314E-01 a      1095     1    18     2    15
-2.2013153895739290E-01 a      1096     1    18     2    16
-7.2256236342816088E-04 a      1097     1    18     2    17
1.7930038760928724E-01 a      1098     1    18     2    18
1.0749659752669805E-01 a      1099     1    18     2    19
-3.6985508758682617E-01 a      1100     1    18     2    20
-2.0742866533888368E-01 a      1101     1    18     2    21
-1.2667693123062021E-01 a      1102     1    18     2    22
-1.6890731858853653E-01 a      1103     1    18     2    23
3.2295288459989285E-01 a      1104     1    18     2    24
-4.0297754030931145E-02 a      1105     1    19     2     1
1.2397139576597252E-01 a      1106     1    19     2     2
-2.3318453380618584E-01 a      1107     1    19     2     3
-1.7829605078915847E-01 a      1108     1    19     2     4
1.7810051252778106E-01 a      1109     1    19     2     5
-2.2244398098471724E-01 a      1110     1    19     2     6
3.5181414252441118E-02 a      1111     1    19     2     7
-5.4405428990643719E-02 a      1112     1    19     2     8
-3.2956285628326210E-01 a      1113     1    19     2     9
-3.9018765344327627E-01 a      1114     1    19     2    10
3.2315485744501110E-01 a      1115     1    19     2    11
-1.5777114085541447E-01 a      1116     1    19     2    12
2.9001263068108007E-01 a      1117     1    19     2    13
-1.6989579989982931E-01 a      1118     1    19     2    14
3.3399756073192351E-02 a      1119     1    19     2    15
2.0758614685227349E-02 a      1120     1    19     2    16
-1.4944125372490327E-01 a      1121     1    19     2    17
-1.4662559093063657E-01 a      1122     1    19     2    18
-3.0922930431978918E-01 a      1123     1    19     2    19
-2.4483991012179368E-01 a      1124     1    19     2    20
-1.5891159960506257E-01 a      1125     1    19     2    21
-2.1151062586714450E-01 a      1126     1    19     2    22
2.4673555256747312E-01 a      1127     1    19     2    23
7.2188906117134105E-02 a      1128     1    19     2    24
1.9722790484237021E-01 a      1129     1    20     2     1
2.0063493464032006E-01 a      1130     1    20     2     2
1.3913351378381519E-01 a      1131     1    20     2     3
1.5462270509037626E-01 a      1132     1    20     2     4
2.2179137203316054E-01 a      1133     1    20     2     5
1.3356655548856891E-01 a      1134     1    20     2     6
-2.7688041927442497E-01 a      1135     1    20     2     7
-1.9284243631093120E-01 a      1136     1    20     2     8
3.3469677099097583E-01 a      1137     1    20     2     9
1.8610050137894726E-01 a      1138     1    20     2    10
3.3350650913454662E-02 a      1139     1    20     2    11
-2.0695353547355649E-01 a      1140     1    20     2    12
-2.1532561796159752E-01 a      1141     1    20     2    13
3.8307578445180061E-02 a      1142     1    20     2    14
-1.7815571554361826E-02 a      1143     1    20     2    15
3.6754368977081986E-01 a      1144     1    20     2    16
4.8352568341479781E-02 a      1145     1    20     2    17
-2.5438882978966380E-02 a      1146     1    20     2    18
8.3569379495975690E-02 a      1147     1    20     2    19
-1.8049209002556404E-01 a      1148     1    20     2    20
-4.3434341496394863E-01 a      1149     1    20     2    21
-2.2182027136514099E-01 a      1150     1    20     2    22
-3.1193104869469351E-01 a      1151     1    20     2    23
-2.7582958856824163E-01 a      1152     1    20     2    24
-1.7104559682032791E-01 a      1153     1    21     2     1
7.5917409308773973E-03 a      1154     1    21     2     2
-1.5003764705612682E-01 a      1155     1    21     2     3
2.7921684268401664E-01 a      1156     1    21     2     4
1.5747048096140370E-01 a      1157     1    21     2     5
-5.2112029704339868E-02 a      1158     1    21     2     6
1.5471405839094668E-01 a      1159     1    21     2     7
-3.4642207440368583E-01 a      1160     1    21     2     8
1.0035483966789091E-01 a      1161     1    21     2     9
-1.2260357065780721E-01 a      1162     1    21     2    10
-4.1873390461052057E-01 a      1163     1    21     2    11
2.7892486392064895E-02 a      1164     1    21     2    12
-1.8045013610038982E-01 a      1165     1    21     2    13
-6.2192229065656184E-02 a      1166     1    21     2    14
1.1233890443089194E-01 a      1167     1    21     2    15
1.2259181229344268E-01 a      1168     1    21     2    16
1.2006649726004387E-01 a      1169     1    21     2    17
-8.8304338303032262E-02 a      1170     1    21     2    18
2.0145815209847542E-01 a      1171     1    21     2    19
3.4259192816376299E-01 a      1172     1    21     2    20
2.0038317329966807E-01 a      1173     1    21     2    21
-3.1397661701886670E-01 a      1174     1    21     2    22
-2.7669673445727183E-02 a      1175     1    21     2    23
2.5268239758948147E-01 a      1176     1    21     2    24
-3.2682720290279227E-01 a      1177     1    22     2     1
3.3776739698854967E-02 a      1178     1    22     2     2
-1.6479634431065832E-01 a      1179     1    22     2     3
-2.6527648393552133E-01 a      1180     1    22     2     4
-1.9207093063958691E-01 a      1181     1    22     2     5
-3.1678665895443264E-01 a      1182     1    22     2     6
-3.0928883522220318E-01 a      1183     1    22     2     7
3.3380264563933448E-01 a      1184     1    22     2     8
2.5044144257057877E-01 a      1185     1    22     2     9
-1.1319292938984327E-01 a      1186     1    22     2    10
2.5605157934274470E-01 a      1187     1    22     2    11
8.8081564318955655E-02 a      1188     1    22     2    12
-3.2304449332627344E-01 a      1189     1    22     2    13
-1.4962051618744512E-01 a      1190     1    22     2    14
-1.9552586196224547E-01 a      1191     1    22     2    15
1.2184717899366097E-01 a      1192     1    22     2    16
5.3751950133815007E-02 a      1193     1    22     2    17
-4.7358278824227440E-01 a      1194     1    22     2    18
1.8849618897373976E-01 a      1195     1    22     2    19
1.7780514060928213E-01 a      1196     1    22     2    20
4.5971529891718321E-02 a      1197     1    22     2    21
1.0741060093895778E-01 a      1198     1    22     2    22
8.6155576948228507E-02 a      1199     1    22     2    23
2.7879867687004684E-01 a      1200     1    22     2    24
-2.3356406281193243E-01 a      1201     1    23     2     1
-4.2872361570719136E-01 a      1202     1    23     2     2
-3.6415247747678799E-02 a      1203     1    23     2     3
2.4865225123320195E-01 a      1204     1    23     2     4
-8.7767130542968502E-02 a      1205     1    23     2     5
4.3017835115350705E-02 a      1206     1    23     2     6
1.8598664711583299E-01 a      1207     1    23     2     7
-3.1612859448958558E-01 a      1208     1    23     2     8
5.6071735420710998E-02 a      1209     1    23     2     9
2.8253525022413356E-01 a      1210     1    23     2    10
-3.0269820036429773E-01 a      1211     1    23     2    11
-4.0476127486726615E-01 a      1212     1    23     2    12
2.0341260445258855E-01 a      1213     1    23     2    13
4.4082987943051472E-01 a      1214     1    23     2    14
-2.5549736815019986E-01 a      1215     1    23     2    15
-7.0541030211699156E-03 a      1216     1    23     2    16
-2.6028224324284777E-01 a      1217     1    23     2    17
2.2177173534172231E-01 a      1218     1    23     2    18
2.5096752901179450E-02 a      1219     1    23     2    19
1.5923604004055206E-01 a      1220     1    23     2    20
3.9998016147525212E-01 a      1221     1    23     2    21
2.2715953759952789E-01 a      1222     1    23     2    22
-1.2266077341588597E-01 a      1223     1    23     2    23
2.1044894439883394E-01 a      1224     1    23     2    24
1.3256463155284190E-01 a      1225     1    24     2     1
-2.1010725622011403E-01 a      1226     1    24     2     2
1.4504213833561758E-01 a      1227     1    24     2     3
1.3927845941877989E-01 a      1228     1    24     2     4
3.4338047010143541E-01 a      1229     1    24     2     5
4.7712311352180195E-02 a      1230     1    24     2     6
1.3129228979496432E-02 a      1231     1    24     2     7
-4.1155497042542577E-01 a      1232     1    24     2     8
-3.0960645581023916E-01 a      1233     1    24     2     9
3.2096620521398211E-01 a      1234     1    24     2    10
1.8118848626875381E-01 a      1235     1    24     2    11
-1.9248272441771697E-01 a      1236     1    24     2    12
-2.6621649115444623E-01 a      1237     1    24     2    13
7.8388621438549300E-02 a      1238     1    24     2    14
-4.4245441164537366E-02 a      1239     1    24     2    15
2.5414560970773387E-01 a      1240     1    24     2    16
-8.9651153194326538E-02 a      1241     1    24     2    17
1.2063209381147143E-01 a      1242     1    24     2    18
1.0110307788477012E-01 a      1243     1    24     2    19
3.2352324800303850E-01 a      1244     1    24     2    20
2.2250592605068467E-01 a      1245     1    24     2    21
1.1601583046168853E-01 a      1246     1    24     2    22
-3.1263880445483033E-01 a      1247     1    24     2    23
1.9629227800354446E-01 a      1248     1    24     2    24
6.4362033558859277E-02 b      1249     2     1
1.1902499329460210E-01 b      1250     2     2
-1.3090535592785649E-01 b      1251     2     3
7.5993424234162971E-02 b      1252     2     4
7.9437046113899179E-02 b      1253     2     5
8.7804105082907577E-02 b      1254     2     6
1.1584558526774867E-01 b      1255     2     7
-5.8784277671069238E-02 b      1256     2     8
-3.2883482992686529E-02 b      1257     2     9
-5.0244135012977580E-02 b      1258     2    10
-1.4880332077248803E-01 b      1259     2    11
-3.1339203154386957E-03 b      1260     2    12
-1.4116186960359248E-01 b      1261     2    13
-7.5743365054045858E-02 b      1262     2    14
1.9840480951774316E-02 b      1263     2    15
1.0415398123337402E-01 b      1264     2    16
2.6291984742503887E-03 b      1265     2    17
6.9202724425450224E-02 b      1266     2    18
-1.2114330144608927E-01 b      1267     2    19
-1.2011998154014775E-01 b      1268     2    20
-3.2576605680470480E-02 b      1269     2    21
3.0530695829637036E-02 b      1270     2    22
-6.7100181897529476E-02 b      1271     2    23
-2.1252031381262238E-02 b      1272     2    24
-5.4442891291711115E-01 a      1273     2     1     3     1
8.8086926236080176E-01 a      1274     2     2     3     1
-7.8989565348327440E-01 a      1275     2     3     3     1
1.8711571650820669E-01 a      1276     2     4     3     1
-6.6288351071187790E-01 a      1277     2     5     3     1
2.1728618778557443E-01 a      1278     2     6     3     1
3.4561769063673903E-01 a      1279     2     7     3     1
-7.5022532768322137E-01 a      1280     2     8     3     1
7.7322444311593852E-03 a      1281     2     9     3     1
7.0087685994713778E-01 a      1282     2    10     3     1
-2.2290527027617124E-01 a      1283     2    11     3     1
3.0894267596111674E-01 a      1284     2    12     3     1
-7.6039733980238300E-01 a      1285     2    13     3     1
-4.8937080685527767E-01 a      1286     2    14     3     1
-2.8806758965605722E-01 a      1287     2    15     3     1
-1.3659103997011998E-01 a      1288     2    16     3     1
-6.4870884125431705E-01 a      1289     2    17     3     1
8.5505546681860789E-01 a      1290     2    18     3     1
-4.8384809317538641E-01 a      1291     2    19     3     1
-7.7315882238836831E-01 a      1292     2    20     3     1
-1.4372295663740917E-01 a      1293     2    21     3     1
3.6262410776538950E-01 a      1294     2    22     3     1
9.6474987941165774E-04 a      1295     2    23     3     1
7.1903667722537784E-02 a      1296     2    24     3     1
3.6477954010010510E-01 b      1297     3     1
