1.8542085938767645E+00 a         1     0     1     1     1
-1.1576185937249446E+00 a         2     0     1     1     2
1.5749156332855085E-01 a         3     0     1     1     3
-3.1167324855837159E-01 a         4     0     1     1     4
1.3749641932622856E+00 a         5     0     1     1     5
1.4175997203808839E+00 a         6     0     1     1     6
-8.1411667161057910E-01 a         7     0     1     1     7
2.2426528020313491E-01 a         8     0     1     1     8
-1.0654644415850802E+00 a         9     0     2     1     1
8.2431400815903255E-01 a        10     0     2     1     2
-1.6843608716681264E+00 a        11     0     2     1     3
2.1933310032221903E-01 a        12     0     2     1     4
-1.0016727151843940E+00 a        13     0     2     1     5
-1.1260294399154847E+00 a        14     0     2     1     6
-3.2016888153271233E-01 a        15     0     2     1     7
4.5797587513475052E-01 a        16     0     2     1     8
-8.2726104018372693E-01 a        17     0     3     1     1
9.8333737913801303E-02 a        18     0     3     1     2
8.6797271773594764E-01 a        19     0     3     1     3
3.5781149889393943E-01 a        20     0     3     1     4
-3.8852263758946147E-02 a        21     0     3     1     5
-5.7487403902917800E-01 a        22     0     3     1     6
2.2368785448522405E-01 a        23     0     3     1     7
-1.4057496562683918E+00 a        24     0     3     1     8
-1.4599407796007169E+00 a        25     0     4     1     1
4.0718278538919456E-01 a        26     0     4     1     2
-6.4955931267335787E-01 a        27     0     4     1     3
-3.1822924113903267E-01 a        28     0     4     1     4
-3.5422465895779975E-01 a        29     0     4     1     5
-4.2167074865016108E-01 a        30     0     4     1     6
2.9062223612375582E-01 a        31     0     4     1     7
-3.8003497443707190E-01 a        32     0     4     1     8
-7.6096525911101789E-02 a        33     0     5     1     1
-7.0063662805387761E-01 a        34     0     5     1     2
3.2066998944507064E-01 a        35     0     5     1     3
-3.7154158807196291E-01 a        36     0     5     1     4
3.3034162764320169E-01 a        37     0     5     1     5
-2.3614965170783788E-02 a        38     0     5     1     6
1.9125424652027914E-01 a        39     0     5     1     7
-2.2536119501785029E-01 a        40     0     5     1     8
2.3151678893560651E-01 a        41     0     6     1     1
-4.3688854937016225E-01 a        42     0     6     1     2
6.2156477268293420E-01 a        43     0     6     1     3
-4.5107818140012010E-02 a        44     0     6     1     4
4.2662073819323271E-01 a        45     0     6     1     5
4.2592247141031858E-01 a        46     0     6     1     6
-1.7519856226439376E-01 a        47     0     6     1     7
-2.2182822490281112E-01 a        48     0     6     1     8
4.6008330183717511E-01 a        49     0     7     1     1
-1.3834116612452287E+00 a        50     0     7     1     2
1.0390594647603209E+00 a        51     0     7     1     3
-8.8151407450374308E-02 a        52     0     7     1     4
1.4954109760466887E+00 a        53     0     7     1     5
9.0059019559993647E-01 a        54     0     7     1     6
-8.6111712686048933E-02 a        55     0     7     1     7
-3.2078782497244919E-02 a        56     0     7     1     8
3.2409955532427467E-02 a        57     0     8     1     1
-1.0874327991899021E-02 a        58     0     8     1     2
-2.7162744715535042E-01 a        59     0     8     1     3
3.2712255782166932E-01 a        60     0     8     1     4
-6.4177311389609859E-01 a        61     0     8     1     5
5.1343959378033877E-01 a        62     0     8     1     6
1.2974014456616120E-01 a        63     0     8     1     7
-8.7185235141729697E-02 a        64     0     8     1     8
-8.0543952352443826E-01 a        65     0     9     1     1
8.2893190265625483E-01 a        66     0     9     1     2
-6.4853941041259633E-01 a        67     0     9     1     3
1.9100709634888147E-01 a        68     0     9     1     4
-1.0592013966647440E+00 a        69     0     9     1     5
-3.7352474396928448E-01 a        70     0     9     1     6
8.3772913477507219E-02 a        71     0     9     1     7
2.1967180629828550E-01 a        72     0     9     1     8
2.1710623455022957E-01 a        73     0    10     1     1
1.1455437894258916E-01 a        74     0    10     1     2
-2.5238149073767663E-01 a        75     0    10     1     3
-6.1205902768784806E-02 a        76     0    10     1     4
-2.2539778271997413E-01 a        77     0    10     1     5
1.7758791655113269E-02 a        78     0    10     1     6
-5.3757738113453662E-02 a        79     0    10     1     7
-1.6874457531709572E-01 a        80     0    10     1     8
1.3973093674468592E-01 a        81     0    11     1     1
-8.0118088810055166E-02 a        82     0    11     1     2
-1.0803201080844708E-01 a        83     0    11     1     3
-2.3425686845799615E-01 a        84     0    11     1     4
-1.0694275221004650E-01 a        85     0    11     1     5
-2.4392794181731237E-02 a        86     0    11     1     6
9.6853069599097674E-02 a        87     0    11     1     7
2.3132203759278103E-01 a        88     0    11     1     8
-5.6655586547968073E-01 a        89     0    12     1     1
8.2112301236879570E-01 a        90     0    12     1     2
-1.1940937492651880E+00 a        91     0    12     1     3
-2.4523795938712817E-01 a        92     0    12     1     4
-8.2029772078972329E-01 a        93     0    12     1     5
-1.4950488321822737E+00 a        94     0    12     1     6
-1.3420284126143250E-01 a        95     0    12     1     7
1.9798755015299752E-01 a        96     0    12     1     8
4.6998412612707208E-01 a        97     0    13     1     1
3.3161400241408401E-01 a        98     0    13     1     2
5.2859703915048843E-02 a        99     0    13     1     3
6.4334027262715754E-02 a       100     0    13     1     4
1.0927130812524724E-01 a       101     0    13     1     5
-2.7435792823744642E-01 a       102     0    13     1     6
-1.3363420877281201E-01 a       103     0    13     1     7
-7.6281708802822881E-02 a       104     0    13     1     8
1.1441412202360484E+00 a       105     0    14     1     1
-4.3722704301440857E-01 a       106     0    14     1     2
4.5962766913984854E-01 a       107     0    14     1     3
-3.3487330618107142E-01 a       108     0    14     1     4
1.5731033103348094E-01 a       109     0    14     1     5
-6.2647291414600614E-01 a       110     0    14     1     6
-8.1384380983674987E-01 a       111     0    14     1     7
1.5114708219330328E-01 a       112     0    14     1     8
4.0564693822009440E-01 a       113     0    15     1     1
-4.0422676456407824E-01 a       114     0    15     1     2
2.0622445227119138E-01 a       115     0    15     1     3
-2.3242520444314471E-01 a       116     0    15     1     4
7.8173108582644713E-01 a       117     0    15     1     5
2.1823765204924508E-01 a       118     0    15     1     6
-9.5078914686160271E-03 a       119     0    15     1     7
-2.4041160599498937E-01 a       120     0    15     1     8
3.6093153570536896E-01 a       121     0    16     1     1
1.8450842242805165E-01 a       122     0    16     1     2
-9.8203722406937852E-02 a       123     0    16     1     3
3.5554019869807545E-02 a       124     0    16     1     4
2.7707222581856228E-01 a       125     0    16     1     5
-2.6324642727682468E-01 a       126     0    16     1     6
-6.0755196512257532E-02 a       127     0    16     1     7
1.5766486265620973E-02 a       128     0    16     1     8
-4.0766507895135046E-01 a       129     0    17     1     1
4.3332240788976450E-01 a       130     0    17     1     2
-2.2038179016893578E-02 a       131     0    17     1     3
-2.1620283281381000E-01 a       132     0    17     1     4
-3.0312525304671573E-01 a       133     0    17     1     5
-5.8323869541672113E-01 a       134     0    17     1     6
-2.0124389897167330E-01 a       135     0    17     1     7
5.4603120401047522E-01 a       136     0    17     1     8
-2.2948996332156454E-02 a       137     0    18     1     1
-1.4199509160007773E-01 a       138     0    18     1     2
4.1613112988479299E-02 a       139     0    18     1     3
3.5200608883351420E-01 a       140     0    18     1     4
2.1200675755182002E-01 a       141     0    18     1     5
1.5009083106929487E-02 a       142     0    18     1     6
1.5300196566446458E-01 a       143     0    18     1     7
-3.6824746243689854E-01 a       144     0    18     1     8
2.0364016452365594E-01 a       145     0    19     1     1
7.8993581535848442E-02 a       146     0    19     1     2
1.1573549991647875E-01 a       147     0    19     1     3
-1.2756530613001449E-01 a       148     0    19     1     4
-1.2603198125779680E-01 a       149     0    19     1     5
7.1516410640181313E-03 a       150     0    19     1     6
1.2409573315731721E-01 a       151     0    19     1     7
-5.1609015302399641E-01 a       152     0    19     1     8
-3.4005525851324547E-01 a       153     0    20     1     1
5.9827006521162152E-01 a       154     0    20     1     2
-7.5776807326414519E-01 a       155     0    20     1     3
1.3274458877416351E-01 a       156     0    20     1     4
-7.6247966091911201E-01 a       157     0    20     1     5
-9.4285389194324720E-02 a       158     0    20     1     6
-2.3392718743484772E-01 a       159     0    20     1     7
1.1514129289032650E-01 a       160     0    20     1     8
-2.3370899746074467E-01 a       161     0    21     1     1
-4.4310639503054382E-02 a       162     0    21     1     2
3.0100751323563235E-01 a       163     0    21     1     3
2.2436718364404137E-02 a       164     0    21     1     4
-3.7902497145766163E-02 a       165     0    21     1     5
3.0474230341625880E-01 a       166     0    21     1     6
3.0322853814038114E-01 a       167     0    21     1     7
-5.6953398670746591E-01 a       168     0    21     1     8
2.5622871352532689E-01 a       169     0    22     1     1
-6.3919069242171056E-01 a       170     0    22     1     2
4.8295965883191155E-02 a       171     0    22     1     3
-2.3353594241437661E-01 a       172     0    22     1     4
4.5114599062177252E-01 a       173     0    22     1     5
3.6656819664035512E-01 a       174     0    22     1     6
2.5373254763688663E-01 a       175     0    22     1     7
-2.1116951606090456E-01 a       176     0    22     1     8
7.8840423581624441E-01 a       177     0    23     1     1
-2.0001444426568787E-01 a       178     0    23     1     2
5.8166481381120239E-01 a       179     0    23     1     3
5.2842097490259442E-02 a       180     0    23     1     4
7.0947599755658131E-01 a       181     0    23     1     5
4.5264018318337085E-01 a       182     0    23     1     6
1.1171952813293583E-01 a       183     0    23     1     7
-1.3985562295131915E-01 a       184     0    23     1     8
-4.3602128326605355E-01 a       185     0    24     1     1
3.3205463526343226E-01 a       186     0    24     1     2
1.0695809755968033E-01 a       187     0    24     1     3
-2.1500847221584121E-01 a       188     0    24     1     4
-7.9712118957472988E-02 a       189     0    24     1     5
4.9279156784046013E-01 a       190     0    24     1     6
3.5093453350336801E-01 a       191     0    24     1     7
-1.9401320382615389E-01 a       192     0    24     1     8
-1.2962300927030063E-01 a       193     0    25     1     1
9.2273620352045393E-02 a       194     0    25     1     2
-3.2254275463528831E-01 a       195     0    25     1     3
9.7807436674283973E-02 a       196     0    25     1     4
-7.1025280854007689E-01 a       197     0    25     1     5
-1.9301036416151540E-01 a       198     0    25     1     6
-1.6527738332904263E-01 a       199     0    25     1     7
3.8226681768806714E-01 a       200     0    25     1     8
-1.4265887009727332E-01 a       201     0    26     1     1
9.7989438262961040E-02 a       202     0    26     1     2
2.0130967514148376E-01 a       203     0    26     1     3
3.8262345713465547E-02 a       204     0    26     1     4
3.6476029658804282E-02 a       205     0    26     1     5
3.3847297383375392E-02 a       206     0    26     1     6
1.2345601375824593E-01 a       207     0    26     1     7
5.3506858531646850E-01 a       208     0    26     1     8
6.4163777678036382E-02 a       209     0    27     1     1
1.2829105238911986E-02 a       210     0    27     1     2
-1.7928712291465870E-01 a       211     0    27     1     3
9.1846709881808195E-02 a       212     0    27     1     4
1.0068023126851042E-01 a       213     0    27     1     5
1.4659777771206495E-01 a       214     0    27     1     6
-1.3976015044483492E-01 a       215     0    27     1     7
-1.8587432241030495E-02 a       216     0    27     1     8
6.2338189902885588E-02 b       217     1     1
-2.6968828900972314E-01 b       218     1     2
1.3411372715654732E-01 b       219     1     3
3.6709429383892482E-02 b       220     1     4
3.1693093527700644E-01 b       221     1     5
-1.0057529909592693E-01 b       222     1     6
-5.8448919373455227E-02 b       223     1     7
8.8315787457340894E-02 b       224     1     8
3.7000818168728150E-01 a       225     1     1     2     1
-5.2237197528949209E-01 a       226     1     1     2     2
2.4918370888489877E-01 a       227     1     1     2     3
1.8642773022356621E-01 a       228     1     1     2     4
-3.2587802041321973E-01 a       229     1     1     2     5
3.3857493225068369E-01 a       230     1     1     2     6
-3.2806993474404061E-01 a       231     1     1     2     7
2.3390044428583825E-01 a       232     1     1     2     8
-2.1841735397609938E-01 a       233     1     2     2     1
1.2582229922430069E-01 a       234     1     2     2     2
-5.0110979690190016E-01 a       235     1     2     2     3
-2.9581889570535191E-01 a       236     1     2     2     4
6.5401451167594160E-01 a       237     1     2     2     5
-4.1500417534804726E-02 a       238     1     2     2     6
7.5358281841060681E-01 a       239     1     2     2     7
5.5371896948830190E-01 a       240     1     2     2     8
-1.0781930395252823E-01 a       241     1     3     2     1
7.8534158390656306E-02 a       242     1     3     2     2
-4.4400030653495465E-01 a       243     1     3     2     3
2.3314696549878167E-01 a       244     1     3     2     4
-3.9963427836952010E-02 a       245     1     3     2     5
3.9237466691069850E-01 a       246     1     3     2     6
-2.0513511592434128E-01 a       247     1     3     2     7
7.2504354706918661E-01 a       248     1     3     2     8
-3.5576264590598644E-01 a       249     1     4     2     1
-1.6968379473343512E-02 a       250     1     4     2     2
-3.4955070241885287E-02 a       251     1     4     2     3
-1.0912349700423669E-01 a       252     1     4     2     4
-1.4172862540815356E-01 a       253     1     4     2     5
-3.3051039339040927E-01 a       254     1     4     2     6
-1.1069088490750162E-01 a       255     1     4     2     7
-4.8361855283023791E-01 a       256     1     4     2     8
-1.5021961871898074E-01 a       257     1     5     2     1
2.7197360064292619E-01 a       258     1     5     2     2
4.6557840628258162E-01 a       259     1     5     2     3
-2.3939046932632724E-01 a       260     1     5     2     4
1.1759564576087168E-01 a       261     1     5     2     5
-3.5312813404899079E-01 a       262     1     5     2     6
-4.6043593080216055E-01 a       263     1     5     2     7
1.8350536887472285E-01 a       264     1     5     2     8
4.3676465451596685E-01 a       265     1     6     2     1
3.3941433042965541E-01 a       266     1     6     2     2
1.9470222415457199E-02 a       267     1     6     2     3
3.6213382257939652E-01 a       268     1     6     2     4
8.4406476287495050E-02 a       269     1     6     2     5
3.4735261847236648E-01 a       270     1     6     2     6
-3.9249460715159851E-01 a       271     1     6     2     7
5.7913089571824472E-01 a       272     1     6     2     8
-8.2483364354138755E-01 a       273     1     7     2     1
6.8379875794108563E-02 a       274     1     7     2     2
3.4087349757476143E-01 a       275     1     7     2     3
-1.8516143661214682E-01 a       276     1     7     2     4
-2.3729703775585928E-01 a       277     1     7     2     5
5.6277552394886410E-01 a       278     1     7     2     6
3.9918115494648970E-01 a       279     1     7     2     7
-4.6699382704012427E-01 a       280     1     7     2     8
-2.1294381218166164E-01 a       281     1     8     2     1
1.0399841570676896E-01 a       282     1     8     2     2
-1.1736722597483253E-01 a       283     1     8     2     3
2.3869813910415638E-01 a       284     1     8     2     4
5.3141557350225432E-01 a       285     1     8     2     5
1.6936624029720845E-02 a       286     1     8     2     6
-4.0872935982881359E-01 a       287     1     8     2     7
-6.2387992288269556E-01 a       288     1     8     2     8
-1.9047861789722670E-01 b       289     2     1
1.4964705148289598E-01 b       290     2     2
-7.2441853217235341E-02 b       291     2     3
9.2550710276465428E-02 b       292     2     4
1.5922186353823770E-01 b       293     2     5
-2.0701694378078911E-01 b       294     2     6
-2.6799853726205214E-01 b       295     2     7
1.8917945337985229E-01 b       296     2     8
-4.0410551773259268E-01 a       297     2     1     3     1
8.7756510742486277E-02 a       298     2     2     3     1
3.6296651803471530E-01 a       299     2     3     3     1
-6.0997620644684024E-02 a       300     2     4     3     1
-3.8579385061524551E-01 a       301     2     5     3     1
1.2185238280083723E-01 a       302     2     6     3     1
-1.0442538501947953E+00 a       303     2     7     3     1
5.7253485931680770E-01 a       304     2     8     3     1
1.5445336526650830E-01 b       305     3     1
