-6.3596299423387159E-01 a         1     0     1     1     1
1.7590051839033341E-01 a         2     0     1     1     2
9.2961292478247759E-01 a         3     0     1     1     3
1.5857377918525828E+00 a         4     0     1     1     4
2.2645763567007005E+00 a         5     0     1     1     5
-4.4733548840864379E-01 a         6     0     1     1     6
-7.3935139286263407E-01 a         7     0     1     1     7
1.4193363881484639E-01 a         8     0     1     1     8
1.2532085400790334E+00 a         9     0     1     1     9
-5.0229153048387132E-01 a        10     0     1     1    10
8.6768566136192182E-01 a        11     0     1     1    11
-2.1704173927775877E-01 a        12     0     1     1    12
-1.6569610921112349E-01 a        13     0     1     1    13
-3.8341671151085199E-01 a        14     0     1     1    14
2.2898908010525681E-01 a        15     0     1     1    15
-3.6272614719910751E-01 a        16     0     1     1    16
-8.3549262718680894E-01 a        17     0     1     1    17
-2.9233869735573892E-01 a        18     0     1     1    18
-4.4103771014192644E-01 a        19     0     1     1    19
1.1418957405286463E+00 a        20     0     1     1    20
2.9435674556276648E-01 a        21     0     1     1    21
-3.5541640208955633E-01 a        22     0     1     1    22
7.2263769479668660E-01 a        23     0     1     1    23
1.4088206997974406E-01 a        24     0     1     1    24
2.1615635096652180E-01 a        25     0     2     1     1
-1.3788856067632152E-01 a        26     0     2     1     2
-5.0250645331736254E-01 a        27     0     2     1     3
-1.2516550124477341E+00 a        28     0     2     1     4
-1.9824472556639591E-01 a        29     0     2     1     5
1.3369454146472334E-01 a        30     0     2     1     6
2.0472380381078886E-01 a        31     0     2     1     7
-7.1207828578917953E-01 a        32     0     2     1     8
-3.2715853354139302E-01 a        33     0     2     1     9
5.5310719564326448E-02 a        34     0     2     1    10
-8.0625046174818782E-01 a        35     0     2     1    11
-2.4352040518925164E-01 a        36     0     2     1    12
1.8302815479001175E-01 a        37     0     2     1    13
-2.0308800416958296E-02 a        38     0     2     1    14
1.2567834526185387E-01 a        39     0     2     1    15
-9.4806412453332864E-03 a        40     0     2     1    16
4.7290212563352418E-02 a        41     0     2     1    17
8.8636764159513337E-01 a        42     0     2     1    18
6.5144461751539331E-02 a        43     0     2     1    19
2.3259596460414620E-02 a        44     0     2     1    20
7.0641242087136355E-03 a        45     0     2     1    21
5.9322553081604168E-01 a        46     0     2     1    22
-4.8167468373580108E-01 a        47     0     2     1    23
2.4074639392209560E-01 a        48     0     2     1    24
1.0636339943439510E+00 a        49     0     3     1     1
-1.0408625909684059E+00 a        50     0     3     1     2
-9.3054176430215985E-01 a        51     0     3     1     3
-2.4529694825206305E+00 a        52     0     3     1     4
-1.8642394160825748E+00 a        53     0     3     1     5
5.6131851818355527E-01 a        54     0     3     1     6
3.8497494077014871E-01 a        55     0     3     1     7
-7.7125101756386027E-01 a        56     0     3     1     8
-1.4717733479697392E+00 a        57     0     3     1     9
4.6166993370770476E-01 a        58     0     3     1    10
-1.8374933687935036E+00 a        59     0     3     1    11
6.7569156292881960E-01 a        60     0     3     1    12
3.9534969234148148E-01 a        61     0     3     1    13
4.4708991683145283E-01 a        62     0     3     1    14
-9.9442573143512542E-02 a        63     0     3     1    15
2.5068737119124546E-01 a        64     0     3     1    16
3.9700489171626413E-01 a        65     0     3     1    17
8.3902666652686309E-01 a        66     0     3     1    18
3.0535079256478453E-01 a        67     0     3     1    19
-9.2061041110849362E-01 a        68     0     3     1    20
-4.5699606907687351E-01 a        69     0     3     1    21
5.6453233589008334E-01 a        70     0     3     1    22
-1.2385511180050226E+00 a        71     0     3     1    23
-2.2007964461904370E-01 a        72     0     3     1    24
-6.7662240953727060E-01 a        73     0     4     1     1
-3.2968855301265337E-01 a        74     0     4     1     2
1.4590936627182582E+00 a        75     0     4     1     3
1.8994739192302330E+00 a        76     0     4     1     4
7.5734077695145496E-01 a        77     0     4     1     5
-4.9559662381841457E-01 a        78     0     4     1     6
-3.2018225190852297E-02 a        79     0     4     1     7
4.2418016455713825E-01 a        80     0     4     1     8
7.0352486493185351E-01 a        81     0     4     1     9
-4.6677051728928720E-01 a        82     0     4     1    10
1.3428959479337721E+00 a        83     0     4     1    11
-5.0970875069361998E-01 a        84     0     4     1    12
-1.1709405804807236E+00 a        85     0     4     1    13
-7.3148332365722601E-01 a        86     0     4     1    14
-9.7355797001002897E-03 a        87     0     4     1    15
4.8229562871080317E-01 a        88     0     4     1    16
-1.0160286135869372E-01 a        89     0     4     1    17
-2.0050791167780080E+00 a        90     0     4     1    18
-2.4358186833211104E-01 a        91     0     4     1    19
-4.8134922195978375E-01 a        92     0     4     1    20
5.5227839954274605E-02 a        93     0     4     1    21
-9.3956007522782592E-01 a        94     0     4     1    22
1.3443470859902187E+00 a        95     0     4     1    23
2.5188260077719120E-02 a        96     0     4     1    24
3.8918407188804710E-01 a        97     0     5     1     1
1.1116480589965827E+00 a        98     0     5     1     2
-7.3288364529008099E-01 a        99     0     5     1     3
-3.3350580290097231E-01 a       100     0     5     1     4
-5.5976258825565173E-01 a       101     0     5     1     5
5.1562306384562363E-02 a       102     0     5     1     6
2.0469499938436592E-01 a       103     0     5     1     7
2.2109833437791191E-02 a       104     0     5     1     8
6.1982348744332658E-02 a       105     0     5     1     9
5.1577135201302526E-02 a       106     0     5     1    10
-1.1287430022027761E-01 a       107     0     5     1    11
-1.4959392680063810E-01 a       108     0     5     1    12
2.8998690040800235E-01 a       109     0     5     1    13
5.8845194321999184E-01 a       110     0     5     1    14
-3.4717807908092685E-01 a       111     0     5     1    15
-5.2836231226541841E-01 a       112     0     5     1    16
-9.8533234761147059E-02 a       113     0     5     1    17
1.1888317499856385E+00 a       114     0     5     1    18
-7.3860950118491675E-01 a       115     0     5     1    19
4.5941776063552214E-01 a       116     0     5     1    20
1.3560679587135618E-01 a       117     0     5     1    21
3.0119938691711892E-02 a       118     0     5     1    22
9.5887931656934253E-02 a       119     0     5     1    23
-2.1444342642665237E-01 a       120     0     5     1    24
-4.1534300046493211E-01 a       121     0     6     1     1
-3.9382682018764881E-01 a       122     0     6     1     2
-3.7329274617830965E-01 a       123     0     6     1     3
2.7413194874306956E-01 a       124     0     6     1     4
2.0782976575475665E-01 a       125     0     6     1     5
5.5952613454721467E-02 a       126     0     6     1     6
3.0494888937230867E-02 a       127     0     6     1     7
-2.9187590831009264E-01 a       128     0     6     1     8
-3.3667905279434046E-01 a       129     0     6     1     9
3.3765715377784766E-01 a       130     0     6     1    10
-2.3679784186489902E-03 a       131     0     6     1    11
2.7919359851321261E-02 a       132     0     6     1    12
-1.7404753935099149E-02 a       133     0     6     1    13
-2.2268149486811650E-01 a       134     0     6     1    14
-1.3607433734429136E-01 a       135     0     6     1    15
1.6406898589261321E-01 a       136     0     6     1    16
-1.6600393161220567E-01 a       137     0     6     1    17
-2.7149395862776166E-01 a       138     0     6     1    18
3.6557029049892598E-01 a       139     0     6     1    19
-8.9805132373973001E-02 a       140     0     6     1    20
-1.2439523771970326E-01 a       141     0     6     1    21
-6.7668861470995392E-02 a       142     0     6     1    22
1.0505911306221353E-03 a       143     0     6     1    23
-2.4416443469865526E-01 a       144     0     6     1    24
4.7290031839784974E-01 a       145     0     7     1     1
-2.9079031373722233E-03 a       146     0     7     1     2
3.3052637557476106E-01 a       147     0     7     1     3
-3.5549356343735061E-01 a       148     0     7     1     4
-7.0240142506558254E-03 a       149     0     7     1     5
-1.0074003608943564E-01 a       150     0     7     1     6
-1.7733133233889581E-01 a       151     0     7     1     7
-2.2284197521138863E-01 a       152     0     7     1     8
5.5772626499598277E-01 a       153     0     7     1     9
-3.2561390815535979E-01 a       154     0     7     1    10
-2.8327225140873474E-01 a       155     0     7     1    11
-7.9969570015560057E-02 a       156     0     7     1    12
-9.1301065743153650E-02 a       157     0     7     1    13
2.7847884372696374E-01 a       158     0     7     1    14
2.9316740163943630E-02 a       159     0     7     1    15
2.5179820430162098E-01 a       160     0     7     1    16
-1.0810461800790024E-01 a       161     0     7     1    17
4.7404935617402368E-02 a       162     0     7     1    18
-2.0906263554371279E-02 a       163     0     7     1    19
1.4084361131654732E-01 a       164     0     7     1    20
1.9792250246997392E-01 a       165     0     7     1    21
-6.6820966464778628E-02 a       166     0     7     1    22
2.7880237020328602E-01 a       167     0     7     1    23
-1.3510408554950515E-01 a       168     0     7     1    24
1.2734683162136400E-02 a       169     0     8     1     1
2.0085893467103755E-01 a       170     0     8     1     2
3.7754374993635427E-04 a       171     0     8     1     3
9.7807223073925420E-02 a       172     0     8     1     4
2.7846965004439471E-02 a       173     0     8     1     5
-3.7932544278190643E-02 a       174     0     8     1     6
3.2586946881801299E-01 a       175     0     8     1     7
-1.1806553259570592E-01 a       176     0     8     1     8
1.5706295881774507E-01 a       177     0     8     1     9
4.6093635626454466E-01 a       178     0     8     1    10
7.4169959909229102E-02 a       179     0     8     1    11
2.1050439964455009E-01 a       180     0     8     1    12
-1.0418120023978208E-01 a       181     0     8     1    13
-1.5065561534479766E-01 a       182     0     8     1    14
2.0942517043161946E-01 a       183     0     8     1    15
-2.2627870006098047E-02 a       184     0     8     1    16
2.4181568433529443E-01 a       185     0     8     1    17
3.6158354348726822E-02 a       186     0     8     1    18
-1.4144494623856430E-01 a       187     0     8     1    19
-2.3590709934276702E-01 a       188     0     8     1    20
-6.0755370088663968E-02 a       189     0     8     1    21
2.3311186664342401E-01 a       190     0     8     1    22
4.1395579396188563E-02 a       191     0     8     1    23
-3.3356223350096603E-01 a       192     0     8     1    24
1.2488995998231797E-01 a       193     0     9     1     1
-1.4092349586445282E-01 a       194     0     9     1     2
-6.8142238389099608E-02 a       195     0     9     1     3
6.9434360787916746E-02 a       196     0     9     1     4
8.3894051453297078E-02 a       197     0     9     1     5
-1.1513596953729856E-01 a       198     0     9     1     6
1.1180262688633816E-01 a       199     0     9     1     7
7.3506707354879949E-02 a       200     0     9     1     8
-1.8253022468098690E-01 a       201     0     9     1     9
5.2821910741859122E-02 a       202     0     9     1    10
9.8133926351407899E-02 a       203     0     9     1    11
-7.9175327071117588E-02 a       204     0     9     1    12
-8.4769583195686643E-02 a       205     0     9     1    13
7.3491922527101461E-02 a       206     0     9     1    14
-1.1828713264924914E-01 a       207     0     9     1    15
2.3162453694607468E-01 a       208     0     9     1    16
-2.7629493811171152E-01 a       209     0     9     1    17
1.2774118934912979E-01 a       210     0     9     1    18
6.3516951586128131E-03 a       211     0     9     1    19
1.4874112195353056E-01 a       212     0     9     1    20
8.3575682063036297E-02 a       213     0     9     1    21
-2.6049640280808941E-02 a       214     0     9     1    22
-6.0956423774150427E-02 a       215     0     9     1    23
2.8846574772814448E-02 a       216     0     9     1    24
1.1769957695978346E-01 a       217     0    10     1     1
5.4609548906806131E-02 a       218     0    10     1     2
-1.0696248754472398E-01 a       219     0    10     1     3
-9.6537703444503631E-02 a       220     0    10     1     4
-2.1712709427085475E-01 a       221     0    10     1     5
3.8302628273941243E-02 a       222     0    10     1     6
-1.6951062426838062E-01 a       223     0    10     1     7
1.0912562734433473E-01 a       224     0    10     1     8
5.6295668755812567E-01 a       225     0    10     1     9
1.3267851273396711E-01 a       226     0    10     1    10
1.3955278114950009E-01 a       227     0    10     1    11
2.4536279831751451E-01 a       228     0    10     1    12
2.2300568834643983E-01 a       229     0    10     1    13
2.2431781747459117E-01 a       230     0    10     1    14
-1.8237078915794350E-01 a       231     0    10     1    15
2.9064228889807248E-01 a       232     0    10     1    16
4.4586846120857354E-01 a       233     0    10     1    17
7.8211455166751417E-02 a       234     0    10     1    18
-1.8566850359407799E-01 a       235     0    10     1    19
1.3893043198211638E-01 a       236     0    10     1    20
6.1772093762330404E-01 a       237     0    10     1    21
7.3695964140423412E-02 a       238     0    10     1    22
3.1999427754826631E-01 a       239     0    10     1    23
1.7438346253980996E-01 a       240     0    10     1    24
-2.9948362475958756E-01 a       241     0    11     1     1
-8.8257200005980363E-02 a       242     0    11     1     2
-3.3833725539995546E-01 a       243     0    11     1     3
5.7244870313024332E-01 a       244     0    11     1     4
-3.9603755112976086E-01 a       245     0    11     1     5
-9.0479731206946856E-02 a       246     0    11     1     6
-2.4800480041103207E-01 a       247     0    11     1     7
7.9031752129193877E-01 a       248     0    11     1     8
2.2724338111095529E-01 a       249     0    11     1     9
-2.3989419012102084E-01 a       250     0    11     1    10
3.0377836087200481E-02 a       251     0    11     1    11
-4.1936206014144568E-03 a       252     0    11     1    12
4.3903935216111056E-01 a       253     0    11     1    13
-1.1166301629102274E-01 a       254     0    11     1    14
-5.0584974397777505E-01 a       255     0    11     1    15
-1.4367112011973435E-01 a       256     0    11     1    16
3.8035291819830785E-01 a       257     0    11     1    17
1.8077105302042551E-01 a       258     0    11     1    18
4.2024768404939328E-01 a       259     0    11     1    19
-1.5461563636202497E-01 a       260     0    11     1    20
2.3936728811389132E-01 a       261     0    11     1    21
-4.3478910327791609E-01 a       262     0    11     1    22
-5.6444445814659872E-01 a       263     0    11     1    23
-8.7534041505483454E-02 a       264     0    11     1    24
3.0013204332874838E-01 a       265     0    12     1     1
1.3757470014011514E-01 a       266     0    12     1     2
-2.4807311282472239E-01 a       267     0    12     1     3
-1.8836882921835937E-01 a       268     0    12     1     4
-1.0523695578254369E-01 a       269     0    12     1     5
5.4326276026780040E-01 a       270     0    12     1     6
-1.0213599679124188E-01 a       271     0    12     1     7
6.2867247629053949E-02 a       272     0    12     1     8
-6.0736000189355877E-01 a       273     0    12     1     9
2.7919797761832782E-01 a       274     0    12     1    10
-2.2862386690399292E-01 a       275     0    12     1    11
-6.1682074689535057E-02 a       276     0    12     1    12
-3.4797796503631273E-01 a       277     0    12     1    13
2.9371417866144917E-01 a       278     0    12     1    14
2.2000928130327543E-01 a       279     0    12     1    15
-2.7776339368839525E-01 a       280     0    12     1    16
-1.5764688308367694E-01 a       281     0    12     1    17
-1.2177077129728833E-01 a       282     0    12     1    18
-1.0137708861275302E-01 a       283     0    12     1    19
9.4517892229331296E-02 a       284     0    12     1    20
3.6530801570638133E-01 a       285     0    12     1    21
8.0766135293752969E-02 a       286     0    12     1    22
-2.8018065896060007E-01 a       287     0    12     1    23
-2.5211858231597556E-01 a       288     0    12     1    24
-1.6340081781583532E-01 a       289     0    13     1     1
1.6811231133364432E-01 a       290     0    13     1     2
5.7292825586906099E-02 a       291     0    13     1     3
4.8048349868356016E-01 a       292     0    13     1     4
4.0516457534571476E-01 a       293     0    13     1     5
1.7315026244191978E-01 a       294     0    13     1     6
7.9601697099207391E-02 a       295     0    13     1     7
-2.1530478303485579E-02 a       296     0    13     1     8
-2.4533244346598329E-01 a       297     0    13     1     9
-7.0673824138150862E-02 a       298     0    13     1    10
2.1004976003646947E-01 a       299     0    13     1    11
-3.3317787591644423E-03 a       300     0    13     1    12
-2.3590222413146272E-01 a       301     0    13     1    13
-6.9559929330184483E-02 a       302     0    13     1    14
-3.9660544687509869E-01 a       303     0    13     1    15
2.6585310574187565E-01 a       304     0    13     1    16
-1.6129679188525559E-01 a       305     0    13     1    17
-3.5545844432126744E-02 a       306     0    13     1    18
1.1017794383381734E-01 a       307     0    13     1    19
-3.3732475981744015E-01 a       308     0    13     1    20
-3.6337771585473555E-01 a       309     0    13     1    21
2.8516103680720478E-01 a       310     0    13     1    22
9.3719351729500106E-02 a       311     0    13     1    23
4.5142070492096315E-02 a       312     0    13     1    24
-9.8371386352117826E-02 a       313     0    14     1     1
1.7095554727770715E-01 a       314     0    14     1     2
9.4566572102270416E-02 a       315     0    14     1     3
-2.4982048162655149E-01 a       316     0    14     1     4
1.9908392860855323E-01 a       317     0    14     1     5
-2.5722420724589895E-01 a       318     0    14     1     6
1.3138269199747060E-01 a       319     0    14     1     7
4.3552856024680298E-01 a       320     0    14     1     8
-4.0068079549377467E-01 a       321     0    14     1     9
-2.0629418459409885E-01 a       322     0    14     1    10
1.7724789307365643E-01 a       323     0    14     1    11
-4.4580500917856251E-02 a       324     0    14     1    12
-5.7905613639855691E-01 a       325     0    14     1    13
-1.7278924575543336E-01 a       326     0    14     1    14
2.0544957733834235E-01 a       327     0    14     1    15
-3.8166501821115345E-01 a       328     0    14     1    16
-4.1134914662973371E-01 a       329     0    14     1    17
8.8286019712789585E-03 a       330     0    14     1    18
-7.4852697990532169E-03 a       331     0    14     1    19
3.0857907772520049E-01 a       332     0    14     1    20
3.5645043564841244E-01 a       333     0    14     1    21
2.9118790194442401E-01 a       334     0    14     1    22
1.5517063070174036E-01 a       335     0    14     1    23
-1.5719026268036884E-01 a       336     0    14     1    24
1.0932198039139565E-01 a       337     0    15     1     1
-1.6880415756462229E-02 a       338     0    15     1     2
2.9249730544306064E-02 a       339     0    15     1     3
-4.1718349363113727E-01 a       340     0    15     1     4
2.2496091751486605E-02 a       341     0    15     1     5
9.7609276654640295E-02 a       342     0    15     1     6
-2.7208347284579992E-02 a       343     0    15     1     7
-4.6348256975346164E-01 a       344     0    15     1     8
-4.8108832402514590E-01 a       345     0    15     1     9
-6.8126866227062974E-02 a       346     0    15     1    10
3.8731462443726561E-01 a       347     0    15     1    11
-2.1247985209047138E-01 a       348     0    15     1    12
-3.6732505270704298E-02 a       349     0    15     1    13
-4.3631309249447370E-01 a       350     0    15     1    14
3.6642993919805755E-01 a       351     0    15     1    15
8.6767748236297113E-02 a       352     0    15     1    16
-2.3615950938995514E-01 a       353     0    15     1    17
3.2763109094862525E-01 a       354     0    15     1    18
-2.8853911226894996E-01 a       355     0    15     1    19
-1.8165337630969822E-01 a       356     0    15     1    20
-3.3005286440710618E-01 a       357     0    15     1    21
-2.6501189832082150E-01 a       358     0    15     1    22
4.9384814079072283E-02 a       359     0    15     1    23
-5.3539230843813714E-02 a       360     0    15     1    24
-2.2145157261143789E-01 a       361     0    16     1     1
1.6303817246366245E-01 a       362     0    16     1     2
-1.6934444525015732E-01 a       363     0    16     1     3
-6.0964999609530515E-02 a       364     0    16     1     4
-3.1417195829936900E-01 a       365     0    16     1     5
-2.3458280230627507E-01 a       366     0    16     1     6
5.1808677505282404E-02 a       367     0    16     1     7
2.5027610686684026E-01 a       368     0    16     1     8
2.2954573128062364E-01 a       369     0    16     1     9
-1.9747060107384620E-01 a       370     0    16     1    10
-4.7510031598024638E-01 a       371     0    16     1    11
3.2088401329065139E-02 a       372     0    16     1    12
3.9702190075807953E-01 a       373     0    16     1    13
4.3593442444111441E-01 a       374     0    16     1    14
-4.6242524837686622E-02 a       375     0    16     1    15
1.6909862509263288E-01 a       376     0    16     1    16
6.9826214238548984E-02 a       377     0    16     1    17
6.4041101499043421E-02 a       378     0    16     1    18
3.7932573448516294E-01 a       379     0    16     1    19
-1.2928689523719603E-02 a       380     0    16     1    20
1.6458516106734947E-01 a       381     0    16     1    21
-2.6302453916343626E-02 a       382     0    16     1    22
1.7850371271189783E-01 a       383     0    16     1    23
-4.4668690963404817E-01 a       384     0    16     1    24
-2.5339115865851985E-01 a       385     0    17     1     1
5.4986478793895309E-02 a       386     0    17     1     2
-9.5130268875880206E-02 a       387     0    17     1     3
1.4273009376954637E-01 a       388     0    17     1     4
-2.0600225479401058E-01 a       389     0    17     1     5
4.9731459723987723E-02 a       390     0    17     1     6
2.8197784104101825E-01 a       391     0    17     1     7
1.7033535827406598E-01 a       392     0    17     1     8
3.2904416575910678E-01 a       393     0    17     1     9
4.6684043733493538E-02 a       394     0    17     1    10
2.0221971909002264E-02 a       395     0    17     1    11
1.1038946764135864E-01 a       396     0    17     1    12
8.1171391831900228E-03 a       397     0    17     1    13
8.1182240907487879E-02 a       398     0    17     1    14
-2.5271801211446832E-01 a       399     0    17     1    15
2.0711912262903751E-01 a       400     0    17     1    16
2.8638890424745717E-01 a       401     0    17     1    17
-4.2475667441216980E-01 a       402     0    17     1    18
-8.9181726549631843E-02 a       403     0    17     1    19
6.6896939950978576E-02 a       404     0    17     1    20
1.3228821937170837E-01 a       405     0    17     1    21
-1.8062353094013664E-01 a       406     0    17     1    22
6.4187301884969905E-02 a       407     0    17     1    23
3.9448449082167575E-01 a       408     0    17     1    24
-1.5041209940626502E-03 a       409     0    18     1     1
1.8938199328141542E-01 a       410     0    18     1     2
-2.3078010527564599E-02 a       411     0    18     1     3
3.4335175679199820E-01 a       412     0    18     1     4
1.1236093361188176E-01 a       413     0    18     1     5
2.3659214175594506E-01 a       414     0    18     1     6
2.7854811140693025E-01 a       415     0    18     1     7
-3.4094326693649030E-01 a       416     0    18     1     8
-1.8091327993649753E-01 a       417     0    18     1     9
5.4697047216674531E-02 a       418     0    18     1    10
5.0176995664015560E-02 a       419     0    18     1    11
-1.5656121086010502E-01 a       420     0    18     1    12
-2.9775661794475489E-01 a       421     0    18     1    13
-3.6839845111211333E-01 a       422     0    18     1    14
-2.9119307016965600E-02 a       423     0    18     1    15
1.0893799823527557E-01 a       424     0    18     1    16
-1.7569109137069919E-01 a       425     0    18     1    17
-1.1045459630375982E-01 a       426     0    18     1    18
2.3046321130395736E-01 a       427     0    18     1    19
1.5384239657603405E-02 a       428     0    18     1    20
-3.4409253352104463E-01 a       429     0    18     1    21
-3.4088661931692904E-01 a       430     0    18     1    22
2.2609021291094172E-01 a       431     0    18     1    23
-1.3758853434048951E-01 a       432     0    18     1    24
2.2240996226655466E-01 a       433     0    19     1     1
-8.6780963528664667E-03 a       434     0    19     1     2
-9.8511688998972183E-02 a       435     0    19     1     3
-2.2127869978477915E-01 a       436     0    19     1     4
7.0140685005651515E-02 a       437     0    19     1     5
-3.7473154590135388E-01 a       438     0    19     1     6
-2.4470300322229721E-01 a       439     0    19     1     7
-4.0862264384806096E-01 a       440     0    19     1     8
7.7134681866494484E-02 a       441     0    19     1     9
-6.1746489832425901E-02 a       442     0    19     1    10
-1.5939937736845411E-01 a       443     0    19     1    11
-6.7830522381243166E-02 a       444     0    19     1    12
-2.1986786576040501E-02 a       445     0    19     1    13
5.4020774434587311E-02 a       446     0    19     1    14
2.3992533355031748E-01 a       447     0    19     1    15
1.0440247013790276E-01 a       448     0    19     1    16
4.2805276295538680E-02 a       449     0    19     1    17
9.1697412964221250E-02 a       450     0    19     1    18
-2.0524498441188116E-02 a       451     0    19     1    19
4.1145845356914686E-02 a       452     0    19     1    20
1.9725371430255420E-01 a       453     0    19     1    21
2.3279430733127779E-01 a       454     0    19     1    22
-8.4893097669055131E-02 a       455     0    19     1    23
-6.6956279130457347E-02 a       456     0    19     1    24
1.7300781147330153E-02 a       457     0    20     1     1
-7.5056166832684124E-02 a       458     0    20     1     2
4.0478497472746768E-02 a       459     0    20     1     3
-8.7771569067229105E-02 a       460     0    20     1     4
-2.5206040231331378E-01 a       461     0    20     1     5
-1.3606776707161158E-01 a       462     0    20     1     6
-8.5902846822105486E-02 a       463     0    20     1     7
1.8196793540870287E-01 a       464     0    20     1     8
1.7299814700685845E-01 a       465     0    20     1     9
1.4665894459407741E-01 a       466     0    20     1    10
-2.0508873875495370E-01 a       467     0    20     1    11
-1.2073732855020208E-01 a       468     0    20     1    12
1.2575716616762062E-01 a       469     0    20     1    13
2.4525613882606243E-02 a       470     0    20     1    14
-2.2863794278453470E-01 a       471     0    20     1    15
1.1139527359254396E-01 a       472     0    20     1    16
-1.4817076148225075E-01 a       473     0    20     1    17
9.1569630117704678E-02 a       474     0    20     1    18
-1.1602863811524283E-01 a       475     0    20     1    19
2.3913869530799817E-01 a       476     0    20     1    20
-9.2580985088249537E-02 a       477     0    20     1    21
2.7599268218692968E-01 a       478     0    20     1    22
-2.9809464734618990E-01 a       479     0    20     1    23
-1.3023129482642881E-01 a       480     0    20     1    24
2.5024155711087837E-01 a       481     0    21     1     1
1.2059273241309244E-01 a       482     0    21     1     2
8.3489406583716924E-02 a       483     0    21     1     3
8.8805055138992270E-02 a       484     0    21     1     4
1.8729522268273685E-01 a       485     0    21     1     5
2.4022448116187597E-01 a       486     0    21     1     6
-1.3648089586548193E-01 a       487     0    21     1     7
1.2705633347502118E-01 a       488     0    21     1     8
-5.3668354015998726E-03 a       489     0    21     1     9
2.2461935224558294E-01 a       490     0    21     1    10
2.3778436981494466E-01 a       491     0    21     1    11
8.6793306381524091E-02 a       492     0    21     1    12
-2.5071380321181619E-01 a       493     0    21     1    13
1.2277817590057138E-01 a       494     0    21     1    14
-9.1484719408723894E-02 a       495     0    21     1    15
-1.5437339348800017E-01 a       496     0    21     1    16
-9.3479733351767805E-02 a       497     0    21     1    17
-6.3980441279009218E-02 a       498     0    21     1    18
-1.4528892475162625E-01 a       499     0    21     1    19
-2.0814621549231049E-01 a       500     0    21     1    20
1.5119895025210825E-01 a       501     0    21     1    21
9.0230869572111988E-02 a       502     0    21     1    22
8.4443830162471187E-02 a       503     0    21     1    23
-3.5116168853628470E-02 a       504     0    21     1    24
-1.9178225727417472E-01 a       505     0    22     1     1
2.9134572094671224E-01 a       506     0    22     1     2
2.1071213614629637E-02 a       507     0    22     1     3
9.9877656455459124E-02 a       508     0    22     1     4
7.9022292109790469E-03 a       509     0    22     1     5
-3.0375234785680050E-01 a       510     0    22     1     6
1.0430661988620986E-01 a       511     0    22     1     7
1.7781996523655669E-01 a       512     0    22     1     8
1.1934980805184353E-01 a       513     0    22     1     9
-2.3828572445558316E-01 a       514     0    22     1    10
9.0764837381142049E-02 a       515     0    22     1    11
-2.6261607963400962E-01 a       516     0    22     1    12
2.7415891333848984E-02 a       517     0    22     1    13
2.2026328488058208E-01 a       518     0    22     1    14
-2.5098880699240211E-01 a       519     0    22     1    15
2.2373504150425419E-01 a       520     0    22     1    16
5.0606890591694896E-02 a       521     0    22     1    17
-2.6792373573122436E-01 a       522     0    22     1    18
2.0470840862941177E-02 a       523     0    22     1    19
-1.9693881137226291E-01 a       524     0    22     1    20
-4.0258584030102490E-01 a       525     0    22     1    21
2.3423370377334049E-01 a       526     0    22     1    22
2.1627425900672193E-01 a       527     0    22     1    23
3.1331623754850119E-01 a       528     0    22     1    24
-2.1679297597769534E-01 a       529     0    23     1     1
1.4759346518906247E-01 a       530     0    23     1     2
-8.4145239723471300E-03 a       531     0    23     1     3
-6.8545038013277687E-02 a       532     0    23     1     4
-1.6198441976074135E-01 a       533     0    23     1     5
8.6662830639707505E-02 a       534     0    23     1     6
-2.6074628289678975E-01 a       535     0    23     1     7
-1.4434942316922661E-01 a       536     0    23     1     8
-2.2836423195269567E-01 a       537     0    23     1     9
-1.8325241548746130E-01 a       538     0    23     1    10
-2.5227170665609294E-01 a       539     0    23     1    11
-8.8629830624715883E-02 a       540     0    23     1    12
4.3267033339423705E-01 a       541     0    23     1    13
8.1622761301475985E-02 a       542     0    23     1    14
-1.1518774899248864E-01 a       543     0    23     1    15
7.7257339905149099E-03 a       544     0    23     1    16
-1.4373522360042248E-01 a       545     0    23     1    17
1.1928586619556204E-01 a       546     0    23     1    18
5.4671651489782515E-02 a       547     0    23     1    19
1.3592880006380200E-02 a       548     0    23     1    20
1.0687273973772202E-02 a       549     0    23     1    21
-2.5357403186795319E-01 a       550     0    23     1    22
-1.3437589078874548E-01 a       551     0    23     1    23
1.0181405080772400E-01 a       552     0    23     1    24
1.9831748491093021E-01 a       553     0    24     1     1
-4.0470240838752691E-01 a       554     0    24     1     2
-2.6545385701896212E-01 a       555     0    24     1     3
-3.2573407325809495E-01 a       556     0    24     1     4
-3.8240739024685624E-02 a       557     0    24     1     5
1.0413158991402520E-01 a       558     0    24     1     6
2.8109107825914104E-01 a       559     0    24     1     7
-7.6713866603979289E-02 a       560     0    24     1     8
-6.7987112901567184E-02 a       561     0    24     1     9
-1.4336956960556127E-01 a       562     0    24     1    10
2.4186918444363806E-01 a       563     0    24     1    11
8.1371902669748461E-02 a       564     0    24     1    12
-2.6137432314641978E-01 a       565     0    24     1    13
-8.5500056992639573E-02 a       566     0    24     1    14
-1.5539372840461368E-02 a       567     0    24     1    15
2.0857164615099666E-01 a       568     0    24     1    16
1.3841254268355607E-01 a       569     0    24     1    17
1.3023161764819874E-01 a       570     0    24     1    18
-1.6750941347511678E-01 a       571     0    24     1    19
-1.4388348332810186E-01 a       572     0    24     1    20
2.5893293520799537E-01 a       573     0    24     1    21
-1.3614984155024143E-01 a       574     0    24     1    22
3.2378631893277182E-01 a       575     0    24     1    23
-3.2884000134950520E-01 a       576     0    24     1    24
-1.2956199077147038E-01 a       577     0    25     1     1
-2.6530099778139199E-01 a       578     0    25     1     2
2.1882838840166371E-01 a       579     0    25     1     3
2.1414825021591211E-01 a       580     0    25     1     4
-1.3950189175131514E-01 a       581     0    25     1     5
2.4734850711735040E-01 a       582     0    25     1     6
-3.5898697478545893E-01 a       583     0    25     1     7
2.8258433464933003E-01 a       584     0    25     1     8
2.7050686605499835E-01 a       585     0    25     1     9
1.5249550690979349E-01 a       586     0    25     1    10
-2.4392840527335025E-01 a       587     0    25     1    11
1.3126968841378711E-02 a       588     0    25     1    12
1.6608473009758315E-01 a       589     0    25     1    13
-3.1923557148028597E-01 a       590     0    25     1    14
2.2326819244644872E-01 a       591     0    25     1    15
5.2685634610338483E-02 a       592     0    25     1    16
-6.6588311953468565E-02 a       593     0    25     1    17
1.2524542248637303E-02 a       594     0    25     1    18
-1.7127151309223268E-01 a       595     0    25     1    19
1.4792801289465815E-01 a       596     0    25     1    20
1.1532106162501689E-02 a       597     0    25     1    21
7.6382878305709639E-02 a       598     0    25     1    22
4.8381993510056495E-02 a       599     0    25     1    23
1.0753897284990199E-01 a       600     0    25     1    24
-2.2826506388010309E-01 a       601     0    26     1     1
-6.5586657348062183E-02 a       602     0    26     1     2
-1.3143186822480202E-01 a       603     0    26     1     3
2.9251207820903025E-01 a       604     0    26     1     4
-1.1867145491227882E-03 a       605     0    26     1     5
1.0905079997204926E-01 a       606     0    26     1     6
1.6613079516134741E-01 a       607     0    26     1     7
-3.8104051588265186E-02 a       608     0    26     1     8
5.0676467648098841E-02 a       609     0    26     1     9
-1.7695523355610052E-01 a       610     0    26     1    10
-2.8291985789270578E-02 a       611     0    26     1    11
-1.5664599279290142E-01 a       612     0    26     1    12
-1.5872954549832349E-01 a       613     0    26     1    13
2.2955180549931661E-01 a       614     0    26     1    14
-1.3683597317805082E-01 a       615     0    26     1    15
2.8588326954568082E-02 a       616     0    26     1    16
2.2649463778367698E-01 a       617     0    26     1    17
-1.0256939765372973E-02 a       618     0    26     1    18
2.4055235301253822E-01 a       619     0    26     1    19
7.2983379641982746E-02 a       620     0    26     1    20
3.1277510202201564E-01 a       621     0    26     1    21
-4.5309105475372202E-02 a       622     0    26     1    22
-4.0625910632220673E-02 a       623     0    26     1    23
-2.7050593785341270E-01 a       624     0    26     1    24
-1.6785532893395999E-01 a       625     0    27     1     1
-2.8328799141813188E-01 a       626     0    27     1     2
-8.3384907518898720E-03 a       627     0    27     1     3
-1.0505760076270118E-01 a       628     0    27     1     4
1.9759393534052111E-01 a       629     0    27     1     5
8.3335294648894664E-02 a       630     0    27     1     6
3.8964129385953866E-02 a       631     0    27     1     7
2.3173382315307833E-01 a       632     0    27     1     8
-1.6975793896250271E-01 a       633     0    27     1     9
-1.4975118145636188E-01 a       634     0    27     1    10
-4.2457324284991799E-02 a       635     0    27     1    11
1.8831024865134355E-01 a       636     0    27     1    12
-2.4342402823710385E-01 a       637     0    27     1    13
-2.8134516347943807E-02 a       638     0    27     1    14
-1.4601128064583618E-01 a       639     0    27     1    15
9.8703808660470571E-02 a       640     0    27     1    16
2.3637725449541377E-01 a       641     0    27     1    17
9.1861721716041886E-02 a       642     0    27     1    18
5.1030332063245941E-02 a       643     0    27     1    19
2.2170054982417037E-01 a       644     0    27     1    20
-1.5759407791655303E-01 a       645     0    27     1    21
1.9305399954278077E-01 a       646     0    27     1    22
-1.7565759227910503E-02 a       647     0    27     1    23
-2.6170769999073318E-01 a       648     0    27     1    24
1.9836611835941370E-01 b       649     1     1
-2.0911716628179594E-01 b       650     1     2
-6.4690662028232648E-02 b       651     1     3
-6.1173438130679735E-02 b       652     1     4
1.2144134787502722E-01 b       653     1     5
1.3845146346713286E-01 b       654     1     6
-2.0742445021084108E-02 b       655     1     7
4.5198036762179122E-01 b       656     1     8
-4.8831201143835747E-02 b       657     1     9
-3.1199918686058742E-01 b       658     1    10
3.0039500478529330E-01 b       659     1    11
-2.4377063950509462E-01 b       660     1    12
9.0801960419395089E-02 b       661     1    13
1.9748828168889374E-02 b       662     1    14
8.5133795998010797E-02 b       663     1    15
1.2248536740145453E-01 b       664     1    16
-2.0251532862647487E-02 b       665     1    17
2.0261513622716627E-02 b       666     1    18
-1.4688673215276854E-01 b       667     1    19
-4.1307933429779523E-02 b       668     1    20
3.5945515331280542E-02 b       669     1    21
-2.4947759981428164E-02 b       670     1    22
-1.8622029737180126E-01 b       671     1    23
-3.6620693951570604E-01 b       672     1    24
1.7623827041447199E-01 a       673     1     1     2     1
1.2580878528306333E-01 a       674     1     1     2     2
3.2640659939948574E-01 a       675     1     1     2     3
4.5811623162292536E-02 a       676     1     1     2     4
2.5124496799490026E-01 a       677     1     1     2     5
2.7470817666825281E-01 a       678     1     1     2     6
5.6155768169290055E-01 a       679     1     1     2     7
-9.8059153865928533E-02 a       680     1     1     2     8
1.8327247811328606E-01 a       681     1     1     2     9
-2.8167865090178812E-01 a       682     1     1     2    10
-3.3484227901141661E-01 a       683     1     1     2    11
-1.7712992509105893E-01 a       684     1     1     2    12
4.4508540662290963E-01 a       685     1     1     2    13
2.1005548928039813E-01 a       686     1     1     2    14
2.9225316284171403E-02 a       687     1     1     2    15
-3.4536553421104788E-01 a       688     1     1     2    16
8.0521686451344734E-02 a       689     1     1     2    17
1.2570762574836175E-01 a       690     1     1     2    18
-2.4094762237881387E-01 a       691     1     1     2    19
-4.0116744875566671E-02 a       692     1     1     2    20
-7.4261953131368783E-02 a       693     1     1     2    21
3.9852202086187623E-02 a       694     1     1     2    22
-1.0256026388041821E-01 a       695     1     1     2    23
1.5723145860524462E-01 a       696     1     1     2    24
-1.5604717151933550E-01 a       697     1     2     2     1
-4.2867837452026680E-01 a       698     1     2     2     2
3.4098787194414804E-01 a       699     1     2     2     3
2.1885146078386983E-01 a       700     1     2     2     4
-1.5619504089576872E-01 a       701     1     2     2     5
2.1936122744426317E-01 a       702     1     2     2     6
1.0667713132803180E-01 a       703     1     2     2     7
3.3587492610930575E-01 a       704     1     2     2     8
-2.2653463255206627E-01 a       705     1     2     2     9
7.4808817611355161E-01 a       706     1     2     2    10
-1.2585862992380140E-02 a       707     1     2     2    11
-7.8459274671346446E-02 a       708     1     2     2    12
-1.4973277046411010E-01 a       709     1     2     2    13
3.4216643369332611E-01 a       710     1     2     2    14
5.1882140532428702E-03 a       711     1     2     2    15
4.0025024701153938E-01 a       712     1     2     2    16
-9.8804976353616208E-02 a       713     1     2     2    17
3.1228180184084631E-01 a       714     1     2     2    18
4.0793303554821986E-01 a       715     1     2     2    19
1.0527512576841098E-01 a       716     1     2     2    20
1.3139634100502171E-01 a       717     1     2     2    21
1.3551963332455849E-01 a       718     1     2     2    22
-7.7442125524944602E-02 a       719     1     2     2    23
-1.5446455917623153E-01 a       720     1     2     2    24
8.5279079119437683E-03 a       721     1     3     2     1
-4.5637756150709571E-02 a       722     1     3     2     2
-7.8890128541482377E-02 a       723     1     3     2     3
-1.4576753451899607E-01 a       724     1     3     2     4
-1.2292840150182563E-01 a       725     1     3     2     5
-1.0698227170783642E-01 a       726     1     3     2     6
-2.8046522787025602E-01 a       727     1     3     2     7
-2.6813978917618458E-01 a       728     1     3     2     8
1.1413485520639136E-01 a       729     1     3     2     9
2.9201981641161240E-01 a       730     1     3     2    10
-3.1640939408494129E-01 a       731     1     3     2    11
1.9624831749832067E-01 a       732     1     3     2    12
-1.0652268428089275E-01 a       733     1     3     2    13
-1.8632994327956381E-01 a       734     1     3     2    14
-1.6965970436192346E-01 a       735     1     3     2    15
1.1244653596129134E-01 a       736     1     3     2    16
-4.2208186695164261E-02 a       737     1     3     2    17
-2.4245154310959904E-01 a       738     1     3     2    18
2.6711656116861721E-01 a       739     1     3     2    19
2.9605248928140503E-02 a       740     1     3     2    20
-1.9910445184368789E-01 a       741     1     3     2    21
4.1130634211579531E-01 a       742     1     3     2    22
1.1538647710015858E-01 a       743     1     3     2    23
-3.1043749587388153E-01 a       744     1     3     2    24
2.2005442440206314E-03 a       745     1     4     2     1
4.4388790039141979E-01 a       746     1     4     2     2
6.5823302212864199E-01 a       747     1     4     2     3
-2.4741136784955003E-01 a       748     1     4     2     4
-1.7396144474164335E-01 a       749     1     4     2     5
-7.8664093398047891E-02 a       750     1     4     2     6
1.9643581515183894E-01 a       751     1     4     2     7
-5.7562057984803461E-01 a       752     1     4     2     8
-2.6705106169924114E-01 a       753     1     4     2     9
6.8037430671027976E-01 a       754     1     4     2    10
-4.1146100804110614E-01 a       755     1     4     2    11
-1.6900029084139445E-01 a       756     1     4     2    12
-3.5267204836133542E-01 a       757     1     4     2    13
-6.7243881268035210E-02 a       758     1     4     2    14
-3.2501858397139434E-02 a       759     1     4     2    15
-6.9652331750494206E-02 a       760     1     4     2    16
3.5134949250119396E-01 a       761     1     4     2    17
-2.7206219590490405E-01 a       762     1     4     2    18
7.2764585101695378E-01 a       763     1     4     2    19
-4.1349931854627142E-01 a       764     1     4     2    20
2.6031873442113362E-01 a       765     1     4     2    21
-1.7861952877004733E-01 a       766     1     4     2    22
-4.1428100147632368E-01 a       767     1     4     2    23
-1.6241257919739618E-01 a       768     1     4     2    24
-4.5214567628258701E-01 a       769     1     5     2     1
-4.1027586506511082E-01 a       770     1     5     2     2
-3.3356845080711617E-01 a       771     1     5     2     3
-2.5800340663779087E-01 a       772     1     5     2     4
-6.7538673107467806E-02 a       773     1     5     2     5
1.5369300211632778E-01 a       774     1     5     2     6
-2.2978823804339868E-01 a       775     1     5     2     7
-1.0799319661967947E-01 a       776     1     5     2     8
6.7936312337239166E-02 a       777     1     5     2     9
4.7025482677612424E-01 a       778     1     5     2    10
-4.9983739853679232E-01 a       779     1     5     2    11
1.6085921202275314E-02 a       780     1     5     2    12
-4.1204029683841298E-01 a       781     1     5     2    13
-2.7213067350111569E-01 a       782     1     5     2    14
3.3803992995420817E-01 a       783     1     5     2    15
3.5221645139794600E-01 a       784     1     5     2    16
1.6991439584122345E-01 a       785     1     5     2    17
-1.0379149872443094E-01 a       786     1     5     2    18
9.9797721446066123E-01 a       787     1     5     2    19
-1.4414808128870882E-01 a       788     1     5     2    20
-7.4249222437694593E-02 a       789     1     5     2    21
1.5005688178755394E-01 a       790     1     5     2    22
3.2072234296684687E-01 a       791     1     5     2    23
4.1085565735833655E-02 a       792     1     5     2    24
-3.2450994403145014E-02 a       793     1     6     2     1
-1.4762343008430773E-01 a       794     1     6     2     2
-1.3218724874880938E-02 a       795     1     6     2     3
5.0389705718794575E-01 a       796     1     6     2     4
1.3629380552654721E-01 a       797     1     6     2     5
2.2645705618376255E-01 a       798     1     6     2     6
-9.3813154052891728E-02 a       799     1     6     2     7
1.1380988358077836E-02 a       800     1     6     2     8
1.6420411176641450E-01 a       801     1     6     2     9
1.9308113195171267E-01 a       802     1     6     2    10
3.0439491995985130E-01 a       803     1     6     2    11
-1.9347455381721856E-01 a       804     1     6     2    12
-1.6486336952406278E-01 a       805     1     6     2    13
2.5610910009100268E-01 a       806     1     6     2    14
-1.2286655929139767E-01 a       807     1     6     2    15
-1.2298410312928749E-01 a       808     1     6     2    16
2.0913634403262304E-01 a       809     1     6     2    17
-1.5401504211847455E-01 a       810     1     6     2    18
-4.1822679186940914E-01 a       811     1     6     2    19
-1.2482642610744056E-01 a       812     1     6     2    20
4.5697823156661327E-01 a       813     1     6     2    21
-2.6979604171934242E-02 a       814     1     6     2    22
2.0724916863832948E-01 a       815     1     6     2    23
-1.1851740249254111E-01 a       816     1     6     2    24
2.4149240580769213E-01 a       817     1     7     2     1
1.5189117864473837E-02 a       818     1     7     2     2
1.4675285032658772E-01 a       819     1     7     2     3
1.1036819851845447E-01 a       820     1     7     2     4
3.8662141337282879E-02 a       821     1     7     2     5
3.9034003794583366E-01 a       822     1     7     2     6
-2.8337119583062426E-01 a       823     1     7     2     7
2.8406607886783902E-01 a       824     1     7     2     8
-1.9127075592062756E-01 a       825     1     7     2     9
1.6329121205070857E-01 a       826     1     7     2    10
-1.2175608440754003E-01 a       827     1     7     2    11
-8.2517142986341611E-03 a       828     1     7     2    12
-2.9359658038877451E-01 a       829     1     7     2    13
2.2341149922262740E-03 a       830     1     7     2    14
-1.5567077714953906E-01 a       831     1     7     2    15
3.1458951324434942E-01 a       832     1     7     2    16
-2.5781727895116996E-01 a       833     1     7     2    17
-1.5161989665019748E-01 a       834     1     7     2    18
-3.1989978828156213E-01 a       835     1     7     2    19
1.6091802797273128E-02 a       836     1     7     2    20
-9.6027354391789888E-02 a       837     1     7     2    21
-1.4663467994466173E-01 a       838     1     7     2    22
1.4233076326221894E-01 a       839     1     7     2    23
-2.4555431396113620E-02 a       840     1     7     2    24
1.2131853022710380E-01 a       841     1     8     2     1
3.3482996541158427E-01 a       842     1     8     2     2
1.7667789613786597E-01 a       843     1     8     2     3
1.5334730580980774E-01 a       844     1     8     2     4
-1.4101667408058535E-01 a       845     1     8     2     5
-1.6166999661632508E-01 a       846     1     8     2     6
-1.6588693336589949E-01 a       847     1     8     2     7
-3.2198660076534791E-01 a       848     1     8     2     8
-3.1774224874740525E-01 a       849     1     8     2     9
2.5782766492468556E-01 a       850     1     8     2    10
-2.2898049532794176E-01 a       851     1     8     2    11
3.7951653472184371E-01 a       852     1     8     2    12
1.4443475237049036E-01 a       853     1     8     2    13
4.3201416634506817E-01 a       854     1     8     2    14
-3.2570814033959483E-01 a       855     1     8     2    15
-2.9506056134889663E-01 a       856     1     8     2    16
2.0604455490944104E-01 a       857     1     8     2    17
1.4092062242309070E-01 a       858     1     8     2    18
5.1430058969243653E-01 a       859     1     8     2    19
1.4658649097046411E-01 a       860     1     8     2    20
-1.1066739060816501E-01 a       861     1     8     2    21
1.5018783337418543E-01 a       862     1     8     2    22
-3.6465221973154063E-02 a       863     1     8     2    23
-1.7446937937500975E-01 a       864     1     8     2    24
-1.0676576504914670E-01 a       865     1     9     2     1
6.0577584150085595E-01 a       866     1     9     2     2
7.9628432894421924E-02 a       867     1     9     2     3
2.5967462766066562E-01 a       868     1     9     2     4
4.4267487009917110E-02 a       869     1     9     2     5
-1.1707977965886579E-02 a       870     1     9     2     6
9.6527049575978074E-02 a       871     1     9     2     7
1.3366173450657123E-02 a       872     1     9     2     8
-2.9132538586615508E-01 a       873     1     9     2     9
3.1293101352337133E-01 a       874     1     9     2    10
-1.2755138048867218E-01 a       875     1     9     2    11
-2.5430881868266575E-01 a       876     1     9     2    12
1.9286474646838503E-01 a       877     1     9     2    13
-1.4064830698770897E-01 a       878     1     9     2    14
-1.8034548391821739E-01 a       879     1     9     2    15
-2.7087996788248020E-01 a       880     1     9     2    16
5.3111521174151494E-02 a       881     1     9     2    17
-6.2895017469193931E-02 a       882     1     9     2    18
1.0465229779459795E+00 a       883     1     9     2    19
-4.2944413869648213E-01 a       884     1     9     2    20
2.5210136083073287E-01 a       885     1     9     2    21
-2.6694324139632064E-01 a       886     1     9     2    22
4.0059413050040960E-01 a       887     1     9     2    23
-4.3434890421561977E-02 a       888     1     9     2    24
2.1354922685674838E-02 a       889     1    10     2     1
-2.4880809362798761E-01 a       890     1    10     2     2
-8.9959725366094256E-02 a       891     1    10     2     3
-2.5323423832245815E-02 a       892     1    10     2     4
-3.1769033714405676E-02 a       893     1    10     2     5
-2.0377927378613245E-01 a       894     1    10     2     6
3.9403804231611994E-01 a       895     1    10     2     7
2.1977000043001055E-01 a       896     1    10     2     8
-8.5164748517674138E-02 a       897     1    10     2     9
1.2501848498520610E-01 a       898     1    10     2    10
-4.4184563771334485E-02 a       899     1    10     2    11
1.0704039589214286E-01 a       900     1    10     2    12
-1.8679658094995322E-01 a       901     1    10     2    13
1.4874371057363853E-01 a       902     1    10     2    14
1.2992871201718414E-01 a       903     1    10     2    15
-1.6994810121015180E-01 a       904     1    10     2    16
-7.4072926031333780E-02 a       905     1    10     2    17
-8.5070493623624552E-02 a       906     1    10     2    18
-4.7715880005014266E-01 a       907     1    10     2    19
2.9012680395470036E-01 a       908     1    10     2    20
-2.7427332507485086E-01 a       909     1    10     2    21
-2.9666428172175729E-01 a       910     1    10     2    22
1.7352594734727467E-01 a       911     1    10     2    23
1.7439134117535834E-02 a       912     1    10     2    24
-3.5639570521779296E-01 a       913     1    11     2     1
-2.6548061453377347E-01 a       914     1    11     2     2
3.8231680026641307E-01 a       915     1    11     2     3
3.5482597000683784E-02 a       916     1    11     2     4
-2.2538679692118324E-01 a       917     1    11     2     5
2.8036051830626313E-01 a       918     1    11     2     6
3.4015608037851514E-01 a       919     1    11     2     7
-2.4209434560097023E-03 a       920     1    11     2     8
7.0323871606858643E-02 a       921     1    11     2     9
3.4305449812542299E-01 a       922     1    11     2    10
-1.9882615718881438E-01 a       923     1    11     2    11
-4.0881840960214061E-01 a       924     1    11     2    12
7.8914251810718566E-02 a       925     1    11     2    13
-1.9766181673905464E-01 a       926     1    11     2    14
-3.3948537092082412E-02 a       927     1    11     2    15
-3.5165156138454055E-03 a       928     1    11     2    16
8.6075216543283276E-02 a       929     1    11     2    17
4.1515955593751264E-01 a       930     1    11     2    18
3.8825728191495107E-01 a       931     1    11     2    19
-1.3062932258176199E-01 a       932     1    11     2    20
4.1811981039620583E-01 a       933     1    11     2    21
1.5826842341493397E-01 a       934     1    11     2    22
-2.1705205174396583E-01 a       935     1    11     2    23
3.4619565614005271E-01 a       936     1    11     2    24
-3.0349146759136022E-02 a       937     1    12     2     1
-1.8572368300426706E-01 a       938     1    12     2     2
2.3715037421802412E-01 a       939     1    12     2     3
-1.3797184576052574E-01 a       940     1    12     2     4
-1.1128887432856718E-01 a       941     1    12     2     5
-2.3220601769556018E-01 a       942     1    12     2     6
1.5898106002836521E-01 a       943     1    12     2     7
-1.2744341089007741E-01 a       944     1    12     2     8
-3.0393092842035063E-01 a       945     1    12     2     9
9.4373166721474208E-02 a       946     1    12     2    10
1.8100705478370185E-01 a       947     1    12     2    11
1.4869157908742361E-01 a       948     1    12     2    12
3.6975390889127380E-01 a       949     1    12     2    13
-8.7345346601565163E-02 a       950     1    12     2    14
-1.1842299772842241E-01 a       951     1    12     2    15
-2.6850918168547655E-01 a       952     1    12     2    16
4.0033502238944429E-01 a       953     1    12     2    17
1.5534565580369844E-01 a       954     1    12     2    18
-5.8437213989217507E-01 a       955     1    12     2    19
1.0018339897627933E-01 a       956     1    12     2    20
4.1955668886994896E-01 a       957     1    12     2    21
2.0039224820099152E-01 a       958     1    12     2    22
5.9302840573750133E-02 a       959     1    12     2    23
1.2937481654437130E-01 a       960     1    12     2    24
1.8598843031752785E-01 a       961     1    13     2     1
8.3889275782608394E-02 a       962     1    13     2     2
-1.2540267177582681E-01 a       963     1    13     2     3
4.3003086401512769E-01 a       964     1    13     2     4
6.7734934486622628E-02 a       965     1    13     2     5
-2.8272938098072981E-01 a       966     1    13     2     6
-1.2349270242910401E-01 a       967     1    13     2     7
3.2516023550310652E-01 a       968     1    13     2     8
-1.0045619940698573E-01 a       969     1    13     2     9
-2.3386948192369378E-01 a       970     1    13     2    10
-7.1726355464945598E-03 a       971     1    13     2    11
-2.2463897207291109E-01 a       972     1    13     2    12
1.4682521359322437E-01 a       973     1    13     2    13
8.8221782290005435E-02 a       974     1    13     2    14
5.7768092595254561E-02 a       975     1    13     2    15
2.9383218164203939E-01 a       976     1    13     2    16
-3.0339336746105933E-01 a       977     1    13     2    17
-2.0190296911883862E-01 a       978     1    13     2    18
-1.6143665611810451E-01 a       979     1    13     2    19
-5.1180922962087427E-01 a       980     1    13     2    20
1.5144123693397607E-01 a       981     1    13     2    21
-1.7199969165385953E-01 a       982     1    13     2    22
-2.3103432232572199E-01 a       983     1    13     2    23
1.0878970755794017E-01 a       984     1    13     2    24
-7.8144798717412534E-02 a       985     1    14     2     1
2.3715397217267756E-01 a       986     1    14     2     2
-1.1003750324367661E-02 a       987     1    14     2     3
1.0011449231111839E-01 a       988     1    14     2     4
4.3096279558291217E-01 a       989     1    14     2     5
-3.4308155651229127E-01 a       990     1    14     2     6
4.1485266719604383E-02 a       991     1    14     2     7
4.6667073851717533E-01 a       992     1    14     2     8
-1.4258265811467954E-01 a       993     1    14     2     9
3.0119104215129250E-01 a       994     1    14     2    10
3.0271341219428888E-01 a       995     1    14     2    11
-3.8994439078384996E-01 a       996     1    14     2    12
-2.0638782205633174E-01 a       997     1    14     2    13
-1.4966690689228113E-01 a       998     1    14     2    14
2.9726873388519209E-01 a       999     1    14     2    15
1.5044762982712986E-01 a      1000     1    14     2    16
-2.3723525060697534E-01 a      1001     1    14     2    17
-2.3075889061098816E-02 a      1002     1    14     2    18
2.2635376773901364E-01 a      1003     1    14     2    19
-5.5145031608101634E-03 a      1004     1    14     2    20
-1.8290673817783937E-01 a      1005     1    14     2    21
-1.3670810481044596E-01 a      1006     1    14     2    22
-3.0657446871216953E-01 a      1007     1    14     2    23
-1.4601901308900569E-01 a      1008     1    14     2    24
-4.7172927060072499E-02 a      1009     1    15     2     1
-2.7237598524981893E-01 a      1010     1    15     2     2
-3.0062083991035438E-01 a      1011     1    15     2     3
-3.1370122124473759E-01 a      1012     1    15     2     4
-1.5791461112007049E-01 a      1013     1    15     2     5
2.9598232795868923E-01 a      1014     1    15     2     6
-4.3556290596235292E-01 a      1015     1    15     2     7
-3.3264396731482665E-01 a      1016     1    15     2     8
7.4509971758609420E-02 a      1017     1    15     2     9
-8.1824787873043411E-02 a      1018     1    15     2    10
1.1413209266844006E-01 a      1019     1    15     2    11
2.2616316551927693E-01 a      1020     1    15     2    12
1.1352858658538814E-01 a      1021     1    15     2    13
4.4958135520436232E-02 a      1022     1    15     2    14
-1.0511432557166754E-01 a      1023     1    15     2    15
-2.7100316149452891E-01 a      1024     1    15     2    16
1.2743400701678148E-01 a      1025     1    15     2    17
-6.8558094041113724E-02 a      1026     1    15     2    18
1.0881464431484951E-01 a      1027     1    15     2    19
1.0250860804646678E-01 a      1028     1    15     2    20
1.3754815810962509E-01 a      1029     1    15     2    21
3.1083981915281655E-01 a      1030     1    15     2    22
1.1508894481109379E-01 a      1031     1    15     2    23
3.8451837030780833E-01 a      1032     1    15     2    24
-2.6438106343256135E-01 a      1033     1    16     2     1
1.1588856725931880E-01 a      1034     1    16     2     2
-2.0168631207076956E-01 a      1035     1    16     2     3
4.5450469825916141E-02 a      1036     1    16     2     4
-7.5792445428990121E-02 a      1037     1    16     2     5
-1.5244165130712584E-01 a      1038     1    16     2     6
-3.1217347103642185E-01 a      1039     1    16     2     7
-1.8695419321058204E-01 a      1040     1    16     2     8
-3.9476287247370560E-02 a      1041     1    16     2     9
-3.5856242498585866E-01 a      1042     1    16     2    10
1.3701216290547993E-01 a      1043     1    16     2    11
7.9009983221995164E-03 a      1044     1    16     2    12
2.7997807143701553E-01 a      1045     1    16     2    13
-3.9251089912689795E-02 a      1046     1    16     2    14
2.7553051029199599E-01 a      1047     1    16     2    15
-5.7187719676588998E-02 a      1048     1    16     2    16
4.3977857276808358E-01 a      1049     1    16     2    17
1.3315682117932681E-01 a      1050     1    16     2    18
-2.3109706875539565E-01 a      1051     1    16     2    19
-1.3367933271099700E-01 a      1052     1    16     2    20
-5.7499278071549371E-02 a      1053     1    16     2    21
9.5791937838201224E-02 a      1054     1    16     2    22
-1.8757370288736724E-01 a      1055     1    16     2    23
1.3320000306752966E-01 a      1056     1    16     2    24
3.3739709687875589E-02 a      1057     1    17     2     1
8.1324240630985811E-02 a      1058     1    17     2     2
2.1977888765489625E-01 a      1059     1    17     2     3
-1.7481300433579461E-01 a      1060     1    17     2     4
-1.0884309030217112E-01 a      1061     1    17     2     5
1.2479660548653139E-01 a      1062     1    17     2     6
2.4626624567110736E-01 a      1063     1    17     2     7
1.0411068608737037E-01 a      1064     1    17     2     8
-1.4780512883274813E-01 a      1065     1    17     2     9
-3.8424082508138208E-01 a      1066     1    17     2    10
2.2397181167055535E-01 a      1067     1    17     2    11
-6.6598734591421391E-02 a      1068     1    17     2    12
-2.8956107050870661E-01 a      1069     1    17     2    13
3.3093695677591815E-02 a      1070     1    17     2    14
-6.2366045664585215E-02 a      1071     1    17     2    15
1.8628849094780374E-02 a      1072     1    17     2    16
1.7387441110927973E-01 a      1073     1    17     2    17
1.8453887276797909E-01 a      1074     1    17     2    18
-2.0424412563975441E-01 a      1075     1    17     2    19
4.7071210736503825E-02 a      1076     1    17     2    20
2.9762206485158327E-01 a      1077     1    17     2    21
-2.9933927602577604E-01 a      1078     1    17     2    22
3.3338261482367071E-01 a      1079     1    17     2    23
3.0783355448958261E-02 a      1080     1    17     2    24
1.4682634909419501E-01 a      1081     1    18     2     1
9.2379346373633764E-02 a      1082     1    18     2     2
3.0004322122808202E-01 a      1083     1    18     2     3
-6.9732460266661397E-02 a      1084     1    18     2     4
9.1777821599248216E-02 a      1085     1    18     2     5
-4.2809538136032754E-01 a      1086     1    18     2     6
-4.1844548520839853E-01 a      1087     1    18     2     7
2.6915437804448711E-01 a      1088     1    18     2     8
-5.7023730493450359E-02 a      1089     1    18     2     9
-1.1007630986759588E-02 a      1090     1    18     2    10
7.0102568220631323E-02 a      1091     1    18     2    11
-2.0404356367026363E-01 a      1092     1    18     2    12
5.0279577859109643E-02 a      1093     1    18     2    13
2.9011791548684640E-01 a      1094     1    18     2    14
2.7559147577504411E-01 a      1095     1    18     2    15
-2.7201153836919023E-01 a      1096     1    18     2    16
-3.2876153996804719E-01 a      1097     1    18     2    17
3.1488172348213647E-02 a      1098     1    18     2    18
3.1434474472811676E-02 a      1099     1    18     2    19
-1.8286990407453674E-01 a      1100     1    18     2    20
-3.8730687907629201E-02 a      1101     1    18     2    21
-5.9870648854728141E-02 a      1102     1    18     2    22
-2.7807965805979273E-01 a      1103     1    18     2    23
3.1482115819405138E-01 a      1104     1    18     2    24
8.7856156575864250E-02 a      1105     1    19     2     1
3.0841484449323542E-01 a      1106     1    19     2     2
-2.8784470764253611E-01 a      1107     1    19     2     3
-2.5842677886452597E-01 a      1108     1    19     2     4
3.1715483020331126E-01 a      1109     1    19     2     5
-3.4905712299458619E-01 a      1110     1    19     2     6
-3.6068573553994782E-01 a      1111     1    19     2     7
-2.3505693233510419E-01 a      1112     1    19     2     8
-3.4781170638885001E-01 a      1113     1    19     2     9
-4.4501038599939863E-01 a      1114     1    19     2    10
2.0784468327941380E-01 a      1115     1    19     2    11
-3.9520833399733984E-01 a      1116     1    19     2    12
2.1015430070874758E-01 a      1117     1    19     2    13
-2.8406793767408789E-01 a      1118     1    19     2    14
-1.2951100015385378E-01 a      1119     1    19     2    15
1.9022542904411643E-01 a      1120     1    19     2    16
3.2886278738387190E-02 a      1121     1    19     2    17
-1.0863592347464331E-01 a      1122     1    19     2    18
-3.2387358266694655E-01 a      1123     1    19     2    19
-4.6901149108445683E-01 a      1124     1    19     2    20
-1.7978354244107439E-01 a      1125     1    19     2    21
-3.2436817189463135E-01 a      1126     1    19     2    22
3.4569671520303069E-01 a      1127     1    19     2    23
-1.6299873138297610E-01 a      1128     1    19     2    24
-1.0486871774477727E-01 a      1129     1    20     2     1
7.7636253843587855E-02 a      1130     1    20     2     2
1.3433303143658516E-02 a      1131     1    20     2     3
-1.3014856051965068E-01 a      1132     1    20     2     4
3.8616921805536097E-01 a      1133     1    20     2     5
-8.3076558831814626E-02 a      1134     1    20     2     6
-4.5366640730899360E-01 a      1135     1    20     2     7
-3.5266979319317027E-01 a      1136     1    20     2     8
3.3825313416311997E-01 a      1137     1    20     2     9
3.9958865202571991E-01 a      1138     1    20     2    10
1.5033090334733476E-01 a      1139     1    20     2    11
-4.3952105980723599E-01 a      1140     1    20     2    12
-1.2713510561279340E-01 a      1141     1    20     2    13
-3.3980328275392407E-01 a      1142     1    20     2    14
-2.2063129029230544E-01 a      1143     1    20     2    15
3.8487274484937428E-01 a      1144     1    20     2    16
-6.0481879485079819E-02 a      1145     1    20     2    17
-3.3894549596213151E-02 a      1146     1    20     2    18
9.0382169220293929E-01 a      1147     1    20     2    19
-1.7673785522762772E-01 a      1148     1    20     2    20
-4.1881937256305357E-01 a      1149     1    20     2    21
-4.6522886748273895E-01 a      1150     1    20     2    22
-4.8444459362415049E-01 a      1151     1    20     2    23
-2.1830876123067183E-01 a      1152     1    20     2    24
-8.3857657505743963E-02 a      1153     1    21     2     1
3.2455247584569985E-01 a      1154     1    21     2     2
1.1778989402090953E-01 a      1155     1    21     2     3
1.5810357299739683E-01 a      1156     1    21     2     4
-7.0171742475293938E-02 a      1157     1    21     2     5
-7.0278182593604202E-02 a      1158     1    21     2     6
2.0573320927186906E-01 a      1159     1    21     2     7
-4.1622381347516846E-01 a      1160     1    21     2     8
1.8887523259533187E-01 a      1161     1    21     2     9
2.5448250407316703E-02 a      1162     1    21     2    10
-9.4372231399706009E-03 a      1163     1    21     2    11
-5.4865130667321890E-02 a      1164     1    21     2    12
-8.0359373248975435E-02 a      1165     1    21     2    13
-6.9042740276110987E-02 a      1166     1    21     2    14
3.2965395762799846E-02 a      1167     1    21     2    15
4.0121167635680993E-02 a      1168     1    21     2    16
1.4396955368984496E-01 a      1169     1    21     2    17
-2.1948910571605085E-01 a      1170     1    21     2    18
7.4177821938643329E-01 a      1171     1    21     2    19
1.5820141571038379E-01 a      1172     1    21     2    20
3.5709707192142565E-01 a      1173     1    21     2    21
-4.3607428514908247E-01 a      1174     1    21     2    22
-8.0608129014593327E-02 a      1175     1    21     2    23
2.2979001002494584E-01 a      1176     1    21     2    24
-3.7711838234926082E-01 a      1177     1    22     2     1
-2.4089198256617851E-02 a      1178     1    22     2     2
-3.3576384009281973E-01 a      1179     1    22     2     3
-1.1865158972278451E-01 a      1180     1    22     2     4
-9.5323200344444345E-02 a      1181     1    22     2     5
-2.3476621813512102E-01 a      1182     1    22     2     6
-8.1503928625876867E-02 a      1183     1    22     2     7
4.8343845718210932E-01 a      1184     1    22     2     8
2.2824059902735308E-01 a      1185     1    22     2     9
-8.7735515857188223E-02 a      1186     1    22     2    10
2.6847786214660840E-01 a      1187     1    22     2    11
-5.8327254521322106E-02 a      1188     1    22     2    12
-4.6421349911526147E-02 a      1189     1    22     2    13
1.2796922180408560E-01 a      1190     1    22     2    14
-1.4301675527219002E-01 a      1191     1    22     2    15
2.4035659693044498E-01 a      1192     1    22     2    16
-1.1365590084492861E-02 a      1193     1    22     2    17
-1.3558358690727595E-01 a      1194     1    22     2    18
3.1823501431724202E-02 a      1195     1    22     2    19
4.5054454277751038E-02 a      1196     1    22     2    20
1.9728135790295792E-01 a      1197     1    22     2    21
8.1354575994698142E-02 a      1198     1    22     2    22
1.6882084654897528E-01 a      1199     1    22     2    23
2.3631525775250342E-01 a      1200     1    22     2    24
-1.4815136977365281E-01 a      1201     1    23     2     1
-5.4663385754813087E-01 a      1202     1    23     2     2
1.1185274895917086E-02 a      1203     1    23     2     3
2.0238575520376018E-01 a      1204     1    23     2     4
-1.1321285418455831E-01 a      1205     1    23     2     5
3.6651785581717840E-02 a      1206     1    23     2     6
2.7722356472494358E-01 a      1207     1    23     2     7
-4.3317190842869724E-01 a      1208     1    23     2     8
-1.9307381278787872E-01 a      1209     1    23     2     9
5.5496259809612836E-01 a      1210     1    23     2    10
-2.4361211598357235E-01 a      1211     1    23     2    11
-3.1254452693297857E-01 a      1212     1    23     2    12
4.1626194487385110E-01 a      1213     1    23     2    13
2.4242414629500936E-01 a      1214     1    23     2    14
2.1001786668864660E-03 a      1215     1    23     2    15
3.7645035882450807E-02 a      1216     1    23     2    16
-4.0706139756972587E-01 a      1217     1    23     2    17
6.6911201380273899E-02 a      1218     1    23     2    18
4.2366166418001461E-01 a      1219     1    23     2    19
2.9315888134100108E-02 a      1220     1    23     2    20
2.3377507205192546E-01 a      1221     1    23     2    21
4.5975269540660152E-01 a      1222     1    23     2    22
7.8511857251476844E-02 a      1223     1    23     2    23
-4.7174843471473583E-02 a      1224     1    23     2    24
-6.9579892646348430E-03 a      1225     1    24     2     1
-4.5365491524181562E-01 a      1226     1    24     2     2
2.0853121330091168E-01 a      1227     1    24     2     3
3.3616453172565765E-02 a      1228     1    24     2     4
9.8723206111380080E-02 a      1229     1    24     2     5
1.4918301988412869E-02 a      1230     1    24     2     6
-1.2551155542024983E-01 a      1231     1    24     2     7
-2.8862367101861219E-01 a      1232     1    24     2     8
-3.1558450003898214E-01 a      1233     1    24     2     9
4.8091002391692567E-01 a      1234     1    24     2    10
-7.8134912860195235E-02 a      1235     1    24     2    11
-2.6244585387618447E-01 a      1236     1    24     2    12
-1.9784447844322756E-01 a      1237     1    24     2    13
-3.6397183509753149E-02 a      1238     1    24     2    14
-1.3297021144163307E-01 a      1239     1    24     2    15
4.5891021537384441E-01 a      1240     1    24     2    16
-1.3109794689350762E-01 a      1241     1    24     2    17
7.4953162211386676E-02 a      1242     1    24     2    18
1.1537714892088743E-01 a      1243     1    24     2    19
2.1844124039358181E-01 a      1244     1    24     2    20
2.6994932116651071E-01 a      1245     1    24     2    21
1.4830839376889751E-01 a      1246     1    24     2    22
-4.1956338849586794E-01 a      1247     1    24     2    23
1.8686709328570070E-01 a      1248     1    24     2    24
9.2059686336207466E-02 b      1249     2     1
2.5021467534694974E-01 b      1250     2     2
-1.7665970795183805E-01 b      1251     2     3
1.2259475568986719E-01 b      1252     2     4
1.6401313883966356E-02 b      1253     2     5
4.8835989830014106E-03 b      1254     2     6
7.4725004586420021E-02 b      1255     2     7
1.5226240546925757E-01 b      1256     2     8
-6.4602894926621204E-02 b      1257     2     9
-6.8473368568027397E-03 b      1258     2    10
-2.5798284621353005E-02 b      1259     2    11
3.3344437748489310E-03 b      1260     2    12
-1.0133184539729231E-01 b      1261     2    13
-2.0237590034981331E-01 b      1262     2    14
1.9554675030499787E-02 b      1263     2    15
9.0405566271549206E-02 b      1264     2    16
2.1219892344186986E-01 b      1265     2    17
4.1927981190989547E-02 b      1266     2    18
1.4535600708726419E-02 b      1267     2    19
-8.9939319174627233E-02 b      1268     2    20
1.5163350117871410E-01 b      1269     2    21
3.0769510111756913E-02 b      1270     2    22
-1.0201003894227627E-01 b      1271     2    23
2.6116932000275279E-02 b      1272     2    24
-6.7895104620348912E-01 a      1273     2     1     3     1
1.0296976073099300E+00 a      1274     2     2     3     1
-8.1021030702448527E-01 a      1275     2     3     3     1
1.8291543962910803E-01 a      1276     2     4     3     1
-7.9415364018988033E-01 a      1277     2     5     3     1
1.0069327181752356E-01 a      1278     2     6     3     1
4.2838650285865959E-01 a      1279     2     7     3     1
-8.8556606358916101E-01 a      1280     2     8     3     1
6.0163000346052084E-02 a      1281     2     9     3     1
8.7950923642884171E-01 a      1282     2    10     3     1
-2.5691608469109745E-01 a      1283     2    11     3     1
3.0332354280303764E-01 a      1284     2    12     3     1
-8.3552903495824060E-01 a      1285     2    13     3     1
-5.8238874578006261E-01 a      1286     2    14     3     1
-2.2689680718553434E-01 a      1287     2    15     3     1
-1.5114283985850177E-01 a      1288     2    16     3     1
-6.7001568301437731E-01 a      1289     2    17     3     1
8.7759679197945317E-01 a      1290     2    18     3     1
-4.6412489342608515E-01 a      1291     2    19     3     1
-8.4102159296319778E-01 a      1292     2    20     3     1
-1.1864216753569783E-01 a      1293     2    21     3     1
4.3829513266766640E-01 a      1294     2    22     3     1
1.5504491538826824E-02 a      1295     2    23     3     1
7.1571503620993793E-02 a      1296     2    24     3     1
2.0468535607522789E-01 b      1297     3     1